86,-173,lEmgQjuNvzaDKxOZJY0c5zaBIUY=,Sd4nIuNLqRcdovyvhSvqCMKyY1E=
87,-173,lEmgQjuNvzaDKxOZJY0c5zaBIUY=,Sd4nIuNLqRcdovyvhSvqCMKyY1E=
88,-173,0MNYkdUGW0WZxdsX8VjitFdNNIg=,Sd4nIuNLqRcdovyvhSvqCMKyY1E=
85,-176,lEmgQjuNvzaDKxOZJY0c5zaBIUY=,Sd4nIuNLqRcdovyvhSvqCMKyY1E=
89,-173,0MNYkdUGW0WZxdsX8VjitFdNNIg=,Sd4nIuNLqRcdovyvhSvqCMKyY1E=
86,-174,0MNYkdUGW0WZxdsX8VjitFdNNIg=,Sd4nIuNLqRcdovyvhSvqCMKyY1E=
90,-173,0MNYkdUGW0WZxdsX8VjitFdNNIg=,Sd4nIuNLqRcdovyvhSvqCMKyY1E=
91,-173,0MNYkdUGW0WZxdsX8VjitFdNNIg=,Sd4nIuNLqRcdovyvhSvqCMKyY1E=
85,-174,lEmgQjuNvzaDKxOZJY0c5zaBIUY=,Sd4nIuNLqRcdovyvhSvqCMKyY1E=
92,-173,0MNYkdUGW0WZxdsX8VjitFdNNIg=,Sd4nIuNLqRcdovyvhSvqCMKyY1E=
85,-173,lEmgQjuNvzaDKxOZJY0c5zaBIUY=,Sd4nIuNLqRcdovyvhSvqCMKyY1E=
93,-173,0MNYkdUGW0WZxdsX8VjitFdNNIg=,Sd4nIuNLqRcdovyvhSvqCMKyY1E=
83,-176,lEmgQjuNvzaDKxOZJY0c5zaBIUY=,Sd4nIuNLqRcdovyvhSvqCMKyY1E=
94,-173,0MNYkdUGW0WZxdsX8VjitFdNNIg=,Sd4nIuNLqRcdovyvhSvqCMKyY1E=
84,-173,lEmgQjuNvzaDKxOZJY0c5zaBIUY=,Sd4nIuNLqRcdovyvhSvqCMKyY1E=
95,-173,0MNYkdUGW0WZxdsX8VjitFdNNIg=,Sd4nIuNLqRcdovyvhSvqCMKyY1E=
86,-175,0MNYkdUGW0WZxdsX8VjitFdNNIg=,Sd4nIuNLqRcdovyvhSvqCMKyY1E=
86,-176,0MNYkdUGW0WZxdsX8VjitFdNNIg=,Sd4nIuNLqRcdovyvhSvqCMKyY1E=
85,-175,lEmgQjuNvzaDKxOZJY0c5zaBIUY=,Sd4nIuNLqRcdovyvhSvqCMKyY1E=
84,-175,lEmgQjuNvzaDKxOZJY0c5zaBIUY=,Sd4nIuNLqRcdovyvhSvqCMKyY1E=
83,-173,0MNYkdUGW0WZxdsX8VjitFdNNIg=,Sd4nIuNLqRcdovyvhSvqCMKyY1E=
82,-173,0MNYkdUGW0WZxdsX8VjitFdNNIg=,Sd4nIuNLqRcdovyvhSvqCMKyY1E=
87,-174,0MNYkdUGW0WZxdsX8VjitFdNNIg=,Sd4nIuNLqRcdovyvhSvqCMKyY1E=
81,-176,lEmgQjuNvzaDKxOZJY0c5zaBIUY=,Sd4nIuNLqRcdovyvhSvqCMKyY1E=
84,-174,lEmgQjuNvzaDKxOZJY0c5zaBIUY=,Sd4nIuNLqRcdovyvhSvqCMKyY1E=
81,-172,0MNYkdUGW0WZxdsX8VjitFdNNIg=,Sd4nIuNLqRcdovyvhSvqCMKyY1E=
82,-172,0MNYkdUGW0WZxdsX8VjitFdNNIg=,Sd4nIuNLqRcdovyvhSvqCMKyY1E=
83,-174,lEmgQjuNvzaDKxOZJY0c5zaBIUY=,Sd4nIuNLqRcdovyvhSvqCMKyY1E=
81,-173,0MNYkdUGW0WZxdsX8VjitFdNNIg=,Sd4nIuNLqRcdovyvhSvqCMKyY1E=
95,-162,0MNYkdUGW0WZxdsX8VjitFdNNIg=,Sd4nIuNLqRcdovyvhSvqCMKyY1E=
83,-172,0MNYkdUGW0WZxdsX8VjitFdNNIg=,Sd4nIuNLqRcdovyvhSvqCMKyY1E=
94,-162,0MNYkdUGW0WZxdsX8VjitFdNNIg=,Sd4nIuNLqRcdovyvhSvqCMKyY1E=
93,-162,0MNYkdUGW0WZxdsX8VjitFdNNIg=,Sd4nIuNLqRcdovyvhSvqCMKyY1E=
84,-172,0MNYkdUGW0WZxdsX8VjitFdNNIg=,Sd4nIuNLqRcdovyvhSvqCMKyY1E=
92,-162,0MNYkdUGW0WZxdsX8VjitFdNNIg=,Sd4nIuNLqRcdovyvhSvqCMKyY1E=
85,-172,0MNYkdUGW0WZxdsX8VjitFdNNIg=,Sd4nIuNLqRcdovyvhSvqCMKyY1E=
84,-176,0MNYkdUGW0WZxdsX8VjitFdNNIg=,Sd4nIuNLqRcdovyvhSvqCMKyY1E=
91,-162,0MNYkdUGW0WZxdsX8VjitFdNNIg=,Sd4nIuNLqRcdovyvhSvqCMKyY1E=
90,-162,0MNYkdUGW0WZxdsX8VjitFdNNIg=,Sd4nIuNLqRcdovyvhSvqCMKyY1E=
86,-172,0MNYkdUGW0WZxdsX8VjitFdNNIg=,Sd4nIuNLqRcdovyvhSvqCMKyY1E=
89,-162,0MNYkdUGW0WZxdsX8VjitFdNNIg=,Sd4nIuNLqRcdovyvhSvqCMKyY1E=
87,-172,0MNYkdUGW0WZxdsX8VjitFdNNIg=,Sd4nIuNLqRcdovyvhSvqCMKyY1E=
88,-172,0MNYkdUGW0WZxdsX8VjitFdNNIg=,Sd4nIuNLqRcdovyvhSvqCMKyY1E=
88,-162,0MNYkdUGW0WZxdsX8VjitFdNNIg=,Sd4nIuNLqRcdovyvhSvqCMKyY1E=
89,-172,0MNYkdUGW0WZxdsX8VjitFdNNIg=,Sd4nIuNLqRcdovyvhSvqCMKyY1E=
87,-162,0MNYkdUGW0WZxdsX8VjitFdNNIg=,Sd4nIuNLqRcdovyvhSvqCMKyY1E=
86,-162,0MNYkdUGW0WZxdsX8VjitFdNNIg=,Sd4nIuNLqRcdovyvhSvqCMKyY1E=
90,-172,0MNYkdUGW0WZxdsX8VjitFdNNIg=,Sd4nIuNLqRcdovyvhSvqCMKyY1E=
85,-162,0MNYkdUGW0WZxdsX8VjitFdNNIg=,Sd4nIuNLqRcdovyvhSvqCMKyY1E=
84,-162,0MNYkdUGW0WZxdsX8VjitFdNNIg=,Sd4nIuNLqRcdovyvhSvqCMKyY1E=
91,-172,0MNYkdUGW0WZxdsX8VjitFdNNIg=,Sd4nIuNLqRcdovyvhSvqCMKyY1E=
83,-162,0MNYkdUGW0WZxdsX8VjitFdNNIg=,Sd4nIuNLqRcdovyvhSvqCMKyY1E=
93,-172,0MNYkdUGW0WZxdsX8VjitFdNNIg=,Sd4nIuNLqRcdovyvhSvqCMKyY1E=
92,-172,0MNYkdUGW0WZxdsX8VjitFdNNIg=,Sd4nIuNLqRcdovyvhSvqCMKyY1E=
94,-172,0MNYkdUGW0WZxdsX8VjitFdNNIg=,Sd4nIuNLqRcdovyvhSvqCMKyY1E=
87,-175,0MNYkdUGW0WZxdsX8VjitFdNNIg=,Sd4nIuNLqRcdovyvhSvqCMKyY1E=
95,-172,0MNYkdUGW0WZxdsX8VjitFdNNIg=,Sd4nIuNLqRcdovyvhSvqCMKyY1E=
81,-162,0MNYkdUGW0WZxdsX8VjitFdNNIg=,Sd4nIuNLqRcdovyvhSvqCMKyY1E=
87,-176,0MNYkdUGW0WZxdsX8VjitFdNNIg=,Sd4nIuNLqRcdovyvhSvqCMKyY1E=
83,-175,0MNYkdUGW0WZxdsX8VjitFdNNIg=,Sd4nIuNLqRcdovyvhSvqCMKyY1E=
88,-174,0MNYkdUGW0WZxdsX8VjitFdNNIg=,Sd4nIuNLqRcdovyvhSvqCMKyY1E=
81,-171,0MNYkdUGW0WZxdsX8VjitFdNNIg=,Sd4nIuNLqRcdovyvhSvqCMKyY1E=
82,-171,0MNYkdUGW0WZxdsX8VjitFdNNIg=,Sd4nIuNLqRcdovyvhSvqCMKyY1E=
83,-171,0MNYkdUGW0WZxdsX8VjitFdNNIg=,Sd4nIuNLqRcdovyvhSvqCMKyY1E=
84,-171,0MNYkdUGW0WZxdsX8VjitFdNNIg=,Sd4nIuNLqRcdovyvhSvqCMKyY1E=
85,-171,0MNYkdUGW0WZxdsX8VjitFdNNIg=,Sd4nIuNLqRcdovyvhSvqCMKyY1E=
86,-171,0MNYkdUGW0WZxdsX8VjitFdNNIg=,Sd4nIuNLqRcdovyvhSvqCMKyY1E=
87,-171,0MNYkdUGW0WZxdsX8VjitFdNNIg=,Sd4nIuNLqRcdovyvhSvqCMKyY1E=
88,-171,0MNYkdUGW0WZxdsX8VjitFdNNIg=,Sd4nIuNLqRcdovyvhSvqCMKyY1E=
89,-171,0MNYkdUGW0WZxdsX8VjitFdNNIg=,Sd4nIuNLqRcdovyvhSvqCMKyY1E=
90,-171,0MNYkdUGW0WZxdsX8VjitFdNNIg=,Sd4nIuNLqRcdovyvhSvqCMKyY1E=
91,-171,0MNYkdUGW0WZxdsX8VjitFdNNIg=,Sd4nIuNLqRcdovyvhSvqCMKyY1E=
92,-171,0MNYkdUGW0WZxdsX8VjitFdNNIg=,Sd4nIuNLqRcdovyvhSvqCMKyY1E=
93,-171,0MNYkdUGW0WZxdsX8VjitFdNNIg=,Sd4nIuNLqRcdovyvhSvqCMKyY1E=
94,-171,0MNYkdUGW0WZxdsX8VjitFdNNIg=,Sd4nIuNLqRcdovyvhSvqCMKyY1E=
95,-171,0MNYkdUGW0WZxdsX8VjitFdNNIg=,Sd4nIuNLqRcdovyvhSvqCMKyY1E=
88,-175,0MNYkdUGW0WZxdsX8VjitFdNNIg=,Sd4nIuNLqRcdovyvhSvqCMKyY1E=
88,-176,0MNYkdUGW0WZxdsX8VjitFdNNIg=,Sd4nIuNLqRcdovyvhSvqCMKyY1E=
89,-174,0MNYkdUGW0WZxdsX8VjitFdNNIg=,Sd4nIuNLqRcdovyvhSvqCMKyY1E=
81,-170,0MNYkdUGW0WZxdsX8VjitFdNNIg=,Sd4nIuNLqRcdovyvhSvqCMKyY1E=
82,-170,0MNYkdUGW0WZxdsX8VjitFdNNIg=,Sd4nIuNLqRcdovyvhSvqCMKyY1E=
83,-170,0MNYkdUGW0WZxdsX8VjitFdNNIg=,Sd4nIuNLqRcdovyvhSvqCMKyY1E=
84,-170,0MNYkdUGW0WZxdsX8VjitFdNNIg=,Sd4nIuNLqRcdovyvhSvqCMKyY1E=
85,-170,0MNYkdUGW0WZxdsX8VjitFdNNIg=,Sd4nIuNLqRcdovyvhSvqCMKyY1E=
86,-170,0MNYkdUGW0WZxdsX8VjitFdNNIg=,Sd4nIuNLqRcdovyvhSvqCMKyY1E=
87,-170,0MNYkdUGW0WZxdsX8VjitFdNNIg=,Sd4nIuNLqRcdovyvhSvqCMKyY1E=
88,-170,0MNYkdUGW0WZxdsX8VjitFdNNIg=,Sd4nIuNLqRcdovyvhSvqCMKyY1E=
89,-170,0MNYkdUGW0WZxdsX8VjitFdNNIg=,Sd4nIuNLqRcdovyvhSvqCMKyY1E=
90,-170,0MNYkdUGW0WZxdsX8VjitFdNNIg=,Sd4nIuNLqRcdovyvhSvqCMKyY1E=
91,-170,0MNYkdUGW0WZxdsX8VjitFdNNIg=,Sd4nIuNLqRcdovyvhSvqCMKyY1E=
92,-170,0MNYkdUGW0WZxdsX8VjitFdNNIg=,Sd4nIuNLqRcdovyvhSvqCMKyY1E=
93,-170,0MNYkdUGW0WZxdsX8VjitFdNNIg=,Sd4nIuNLqRcdovyvhSvqCMKyY1E=
94,-170,0MNYkdUGW0WZxdsX8VjitFdNNIg=,Sd4nIuNLqRcdovyvhSvqCMKyY1E=
89,-175,0MNYkdUGW0WZxdsX8VjitFdNNIg=,Sd4nIuNLqRcdovyvhSvqCMKyY1E=
95,-170,0MNYkdUGW0WZxdsX8VjitFdNNIg=,Sd4nIuNLqRcdovyvhSvqCMKyY1E=
89,-176,0MNYkdUGW0WZxdsX8VjitFdNNIg=,Sd4nIuNLqRcdovyvhSvqCMKyY1E=
90,-174,0MNYkdUGW0WZxdsX8VjitFdNNIg=,Sd4nIuNLqRcdovyvhSvqCMKyY1E=
81,-169,0MNYkdUGW0WZxdsX8VjitFdNNIg=,Sd4nIuNLqRcdovyvhSvqCMKyY1E=
82,-169,0MNYkdUGW0WZxdsX8VjitFdNNIg=,Sd4nIuNLqRcdovyvhSvqCMKyY1E=
83,-169,0MNYkdUGW0WZxdsX8VjitFdNNIg=,Sd4nIuNLqRcdovyvhSvqCMKyY1E=
84,-169,0MNYkdUGW0WZxdsX8VjitFdNNIg=,Sd4nIuNLqRcdovyvhSvqCMKyY1E=
85,-169,0MNYkdUGW0WZxdsX8VjitFdNNIg=,Sd4nIuNLqRcdovyvhSvqCMKyY1E=
86,-169,0MNYkdUGW0WZxdsX8VjitFdNNIg=,Sd4nIuNLqRcdovyvhSvqCMKyY1E=
87,-169,0MNYkdUGW0WZxdsX8VjitFdNNIg=,Sd4nIuNLqRcdovyvhSvqCMKyY1E=
88,-169,0MNYkdUGW0WZxdsX8VjitFdNNIg=,Sd4nIuNLqRcdovyvhSvqCMKyY1E=
82,-174,lEmgQjuNvzaDKxOZJY0c5zaBIUY=,Sd4nIuNLqRcdovyvhSvqCMKyY1E=
89,-169,0MNYkdUGW0WZxdsX8VjitFdNNIg=,Sd4nIuNLqRcdovyvhSvqCMKyY1E=
90,-169,0MNYkdUGW0WZxdsX8VjitFdNNIg=,Sd4nIuNLqRcdovyvhSvqCMKyY1E=
95,-163,0MNYkdUGW0WZxdsX8VjitFdNNIg=,Sd4nIuNLqRcdovyvhSvqCMKyY1E=
94,-163,0MNYkdUGW0WZxdsX8VjitFdNNIg=,Sd4nIuNLqRcdovyvhSvqCMKyY1E=
93,-163,0MNYkdUGW0WZxdsX8VjitFdNNIg=,Sd4nIuNLqRcdovyvhSvqCMKyY1E=
91,-169,0MNYkdUGW0WZxdsX8VjitFdNNIg=,Sd4nIuNLqRcdovyvhSvqCMKyY1E=
92,-163,0MNYkdUGW0WZxdsX8VjitFdNNIg=,Sd4nIuNLqRcdovyvhSvqCMKyY1E=
91,-163,0MNYkdUGW0WZxdsX8VjitFdNNIg=,Sd4nIuNLqRcdovyvhSvqCMKyY1E=
92,-169,0MNYkdUGW0WZxdsX8VjitFdNNIg=,Sd4nIuNLqRcdovyvhSvqCMKyY1E=
90,-163,0MNYkdUGW0WZxdsX8VjitFdNNIg=,Sd4nIuNLqRcdovyvhSvqCMKyY1E=
93,-169,0MNYkdUGW0WZxdsX8VjitFdNNIg=,Sd4nIuNLqRcdovyvhSvqCMKyY1E=
94,-169,0MNYkdUGW0WZxdsX8VjitFdNNIg=,Sd4nIuNLqRcdovyvhSvqCMKyY1E=
89,-163,0MNYkdUGW0WZxdsX8VjitFdNNIg=,Sd4nIuNLqRcdovyvhSvqCMKyY1E=
88,-163,0MNYkdUGW0WZxdsX8VjitFdNNIg=,Sd4nIuNLqRcdovyvhSvqCMKyY1E=
90,-175,0MNYkdUGW0WZxdsX8VjitFdNNIg=,Sd4nIuNLqRcdovyvhSvqCMKyY1E=
87,-163,0MNYkdUGW0WZxdsX8VjitFdNNIg=,Sd4nIuNLqRcdovyvhSvqCMKyY1E=
95,-169,0MNYkdUGW0WZxdsX8VjitFdNNIg=,Sd4nIuNLqRcdovyvhSvqCMKyY1E=
90,-176,0MNYkdUGW0WZxdsX8VjitFdNNIg=,Sd4nIuNLqRcdovyvhSvqCMKyY1E=
91,-174,0MNYkdUGW0WZxdsX8VjitFdNNIg=,Sd4nIuNLqRcdovyvhSvqCMKyY1E=
81,-168,0MNYkdUGW0WZxdsX8VjitFdNNIg=,Sd4nIuNLqRcdovyvhSvqCMKyY1E=
82,-168,0MNYkdUGW0WZxdsX8VjitFdNNIg=,Sd4nIuNLqRcdovyvhSvqCMKyY1E=
83,-168,0MNYkdUGW0WZxdsX8VjitFdNNIg=,Sd4nIuNLqRcdovyvhSvqCMKyY1E=
84,-168,0MNYkdUGW0WZxdsX8VjitFdNNIg=,Sd4nIuNLqRcdovyvhSvqCMKyY1E=
85,-168,0MNYkdUGW0WZxdsX8VjitFdNNIg=,Sd4nIuNLqRcdovyvhSvqCMKyY1E=
86,-168,0MNYkdUGW0WZxdsX8VjitFdNNIg=,Sd4nIuNLqRcdovyvhSvqCMKyY1E=
87,-168,0MNYkdUGW0WZxdsX8VjitFdNNIg=,Sd4nIuNLqRcdovyvhSvqCMKyY1E=
88,-168,0MNYkdUGW0WZxdsX8VjitFdNNIg=,Sd4nIuNLqRcdovyvhSvqCMKyY1E=
89,-168,0MNYkdUGW0WZxdsX8VjitFdNNIg=,Sd4nIuNLqRcdovyvhSvqCMKyY1E=
90,-168,0MNYkdUGW0WZxdsX8VjitFdNNIg=,Sd4nIuNLqRcdovyvhSvqCMKyY1E=
91,-168,0MNYkdUGW0WZxdsX8VjitFdNNIg=,Sd4nIuNLqRcdovyvhSvqCMKyY1E=
92,-168,0MNYkdUGW0WZxdsX8VjitFdNNIg=,Sd4nIuNLqRcdovyvhSvqCMKyY1E=
93,-168,0MNYkdUGW0WZxdsX8VjitFdNNIg=,Sd4nIuNLqRcdovyvhSvqCMKyY1E=
94,-168,0MNYkdUGW0WZxdsX8VjitFdNNIg=,Sd4nIuNLqRcdovyvhSvqCMKyY1E=
91,-175,0MNYkdUGW0WZxdsX8VjitFdNNIg=,Sd4nIuNLqRcdovyvhSvqCMKyY1E=
86,-163,0MNYkdUGW0WZxdsX8VjitFdNNIg=,Sd4nIuNLqRcdovyvhSvqCMKyY1E=
95,-168,0MNYkdUGW0WZxdsX8VjitFdNNIg=,Sd4nIuNLqRcdovyvhSvqCMKyY1E=
91,-176,0MNYkdUGW0WZxdsX8VjitFdNNIg=,Sd4nIuNLqRcdovyvhSvqCMKyY1E=
92,-174,0MNYkdUGW0WZxdsX8VjitFdNNIg=,Sd4nIuNLqRcdovyvhSvqCMKyY1E=
81,-167,0MNYkdUGW0WZxdsX8VjitFdNNIg=,Sd4nIuNLqRcdovyvhSvqCMKyY1E=
82,-167,0MNYkdUGW0WZxdsX8VjitFdNNIg=,Sd4nIuNLqRcdovyvhSvqCMKyY1E=
83,-167,0MNYkdUGW0WZxdsX8VjitFdNNIg=,Sd4nIuNLqRcdovyvhSvqCMKyY1E=
84,-167,0MNYkdUGW0WZxdsX8VjitFdNNIg=,Sd4nIuNLqRcdovyvhSvqCMKyY1E=
84,-163,0MNYkdUGW0WZxdsX8VjitFdNNIg=,Sd4nIuNLqRcdovyvhSvqCMKyY1E=
85,-167,0MNYkdUGW0WZxdsX8VjitFdNNIg=,Sd4nIuNLqRcdovyvhSvqCMKyY1E=
83,-163,0MNYkdUGW0WZxdsX8VjitFdNNIg=,Sd4nIuNLqRcdovyvhSvqCMKyY1E=
86,-167,0MNYkdUGW0WZxdsX8VjitFdNNIg=,Sd4nIuNLqRcdovyvhSvqCMKyY1E=
87,-167,0MNYkdUGW0WZxdsX8VjitFdNNIg=,Sd4nIuNLqRcdovyvhSvqCMKyY1E=
81,-163,0MNYkdUGW0WZxdsX8VjitFdNNIg=,Sd4nIuNLqRcdovyvhSvqCMKyY1E=
88,-167,0MNYkdUGW0WZxdsX8VjitFdNNIg=,Sd4nIuNLqRcdovyvhSvqCMKyY1E=
82,-175,0MNYkdUGW0WZxdsX8VjitFdNNIg=,Sd4nIuNLqRcdovyvhSvqCMKyY1E=
89,-167,0MNYkdUGW0WZxdsX8VjitFdNNIg=,Sd4nIuNLqRcdovyvhSvqCMKyY1E=
95,-164,0MNYkdUGW0WZxdsX8VjitFdNNIg=,Sd4nIuNLqRcdovyvhSvqCMKyY1E=
90,-167,0MNYkdUGW0WZxdsX8VjitFdNNIg=,Sd4nIuNLqRcdovyvhSvqCMKyY1E=
91,-167,0MNYkdUGW0WZxdsX8VjitFdNNIg=,Sd4nIuNLqRcdovyvhSvqCMKyY1E=
85,-163,0MNYkdUGW0WZxdsX8VjitFdNNIg=,Sd4nIuNLqRcdovyvhSvqCMKyY1E=
92,-167,0MNYkdUGW0WZxdsX8VjitFdNNIg=,Sd4nIuNLqRcdovyvhSvqCMKyY1E=
93,-167,0MNYkdUGW0WZxdsX8VjitFdNNIg=,Sd4nIuNLqRcdovyvhSvqCMKyY1E=
94,-167,0MNYkdUGW0WZxdsX8VjitFdNNIg=,Sd4nIuNLqRcdovyvhSvqCMKyY1E=
95,-167,0MNYkdUGW0WZxdsX8VjitFdNNIg=,Sd4nIuNLqRcdovyvhSvqCMKyY1E=
92,-175,0MNYkdUGW0WZxdsX8VjitFdNNIg=,Sd4nIuNLqRcdovyvhSvqCMKyY1E=
93,-174,0MNYkdUGW0WZxdsX8VjitFdNNIg=,Sd4nIuNLqRcdovyvhSvqCMKyY1E=
92,-176,0MNYkdUGW0WZxdsX8VjitFdNNIg=,Sd4nIuNLqRcdovyvhSvqCMKyY1E=
81,-166,0MNYkdUGW0WZxdsX8VjitFdNNIg=,Sd4nIuNLqRcdovyvhSvqCMKyY1E=
82,-166,0MNYkdUGW0WZxdsX8VjitFdNNIg=,Sd4nIuNLqRcdovyvhSvqCMKyY1E=
83,-166,0MNYkdUGW0WZxdsX8VjitFdNNIg=,Sd4nIuNLqRcdovyvhSvqCMKyY1E=
84,-166,0MNYkdUGW0WZxdsX8VjitFdNNIg=,Sd4nIuNLqRcdovyvhSvqCMKyY1E=
86,-166,0MNYkdUGW0WZxdsX8VjitFdNNIg=,Sd4nIuNLqRcdovyvhSvqCMKyY1E=
85,-166,0MNYkdUGW0WZxdsX8VjitFdNNIg=,Sd4nIuNLqRcdovyvhSvqCMKyY1E=
87,-166,0MNYkdUGW0WZxdsX8VjitFdNNIg=,Sd4nIuNLqRcdovyvhSvqCMKyY1E=
88,-166,0MNYkdUGW0WZxdsX8VjitFdNNIg=,Sd4nIuNLqRcdovyvhSvqCMKyY1E=
89,-166,0MNYkdUGW0WZxdsX8VjitFdNNIg=,Sd4nIuNLqRcdovyvhSvqCMKyY1E=
90,-166,0MNYkdUGW0WZxdsX8VjitFdNNIg=,Sd4nIuNLqRcdovyvhSvqCMKyY1E=
91,-166,0MNYkdUGW0WZxdsX8VjitFdNNIg=,Sd4nIuNLqRcdovyvhSvqCMKyY1E=
92,-166,0MNYkdUGW0WZxdsX8VjitFdNNIg=,Sd4nIuNLqRcdovyvhSvqCMKyY1E=
93,-166,0MNYkdUGW0WZxdsX8VjitFdNNIg=,Sd4nIuNLqRcdovyvhSvqCMKyY1E=
94,-166,0MNYkdUGW0WZxdsX8VjitFdNNIg=,Sd4nIuNLqRcdovyvhSvqCMKyY1E=
95,-166,0MNYkdUGW0WZxdsX8VjitFdNNIg=,Sd4nIuNLqRcdovyvhSvqCMKyY1E=
93,-175,0MNYkdUGW0WZxdsX8VjitFdNNIg=,Sd4nIuNLqRcdovyvhSvqCMKyY1E=
93,-176,0MNYkdUGW0WZxdsX8VjitFdNNIg=,Sd4nIuNLqRcdovyvhSvqCMKyY1E=
94,-174,0MNYkdUGW0WZxdsX8VjitFdNNIg=,Sd4nIuNLqRcdovyvhSvqCMKyY1E=
81,-165,0MNYkdUGW0WZxdsX8VjitFdNNIg=,Sd4nIuNLqRcdovyvhSvqCMKyY1E=
82,-165,0MNYkdUGW0WZxdsX8VjitFdNNIg=,Sd4nIuNLqRcdovyvhSvqCMKyY1E=
83,-165,0MNYkdUGW0WZxdsX8VjitFdNNIg=,Sd4nIuNLqRcdovyvhSvqCMKyY1E=
84,-165,0MNYkdUGW0WZxdsX8VjitFdNNIg=,Sd4nIuNLqRcdovyvhSvqCMKyY1E=
85,-165,0MNYkdUGW0WZxdsX8VjitFdNNIg=,Sd4nIuNLqRcdovyvhSvqCMKyY1E=
86,-165,0MNYkdUGW0WZxdsX8VjitFdNNIg=,Sd4nIuNLqRcdovyvhSvqCMKyY1E=
87,-165,0MNYkdUGW0WZxdsX8VjitFdNNIg=,Sd4nIuNLqRcdovyvhSvqCMKyY1E=
88,-165,0MNYkdUGW0WZxdsX8VjitFdNNIg=,Sd4nIuNLqRcdovyvhSvqCMKyY1E=
89,-165,0MNYkdUGW0WZxdsX8VjitFdNNIg=,Sd4nIuNLqRcdovyvhSvqCMKyY1E=
90,-165,0MNYkdUGW0WZxdsX8VjitFdNNIg=,Sd4nIuNLqRcdovyvhSvqCMKyY1E=
91,-165,0MNYkdUGW0WZxdsX8VjitFdNNIg=,Sd4nIuNLqRcdovyvhSvqCMKyY1E=
92,-165,0MNYkdUGW0WZxdsX8VjitFdNNIg=,Sd4nIuNLqRcdovyvhSvqCMKyY1E=
93,-165,0MNYkdUGW0WZxdsX8VjitFdNNIg=,Sd4nIuNLqRcdovyvhSvqCMKyY1E=
94,-165,0MNYkdUGW0WZxdsX8VjitFdNNIg=,Sd4nIuNLqRcdovyvhSvqCMKyY1E=
94,-175,0MNYkdUGW0WZxdsX8VjitFdNNIg=,Sd4nIuNLqRcdovyvhSvqCMKyY1E=
95,-165,0MNYkdUGW0WZxdsX8VjitFdNNIg=,Sd4nIuNLqRcdovyvhSvqCMKyY1E=
95,-175,0MNYkdUGW0WZxdsX8VjitFdNNIg=,Sd4nIuNLqRcdovyvhSvqCMKyY1E=
94,-176,0MNYkdUGW0WZxdsX8VjitFdNNIg=,Sd4nIuNLqRcdovyvhSvqCMKyY1E=
95,-174,0MNYkdUGW0WZxdsX8VjitFdNNIg=,Sd4nIuNLqRcdovyvhSvqCMKyY1E=
82,-176,0MNYkdUGW0WZxdsX8VjitFdNNIg=,Sd4nIuNLqRcdovyvhSvqCMKyY1E=
81,-175,0MNYkdUGW0WZxdsX8VjitFdNNIg=,Sd4nIuNLqRcdovyvhSvqCMKyY1E=
81,-164,0MNYkdUGW0WZxdsX8VjitFdNNIg=,Sd4nIuNLqRcdovyvhSvqCMKyY1E=
82,-164,0MNYkdUGW0WZxdsX8VjitFdNNIg=,Sd4nIuNLqRcdovyvhSvqCMKyY1E=
83,-164,0MNYkdUGW0WZxdsX8VjitFdNNIg=,Sd4nIuNLqRcdovyvhSvqCMKyY1E=
84,-164,0MNYkdUGW0WZxdsX8VjitFdNNIg=,Sd4nIuNLqRcdovyvhSvqCMKyY1E=
85,-164,0MNYkdUGW0WZxdsX8VjitFdNNIg=,Sd4nIuNLqRcdovyvhSvqCMKyY1E=
86,-164,0MNYkdUGW0WZxdsX8VjitFdNNIg=,Sd4nIuNLqRcdovyvhSvqCMKyY1E=
87,-164,0MNYkdUGW0WZxdsX8VjitFdNNIg=,Sd4nIuNLqRcdovyvhSvqCMKyY1E=
88,-164,0MNYkdUGW0WZxdsX8VjitFdNNIg=,Sd4nIuNLqRcdovyvhSvqCMKyY1E=
89,-164,0MNYkdUGW0WZxdsX8VjitFdNNIg=,Sd4nIuNLqRcdovyvhSvqCMKyY1E=
90,-164,0MNYkdUGW0WZxdsX8VjitFdNNIg=,Sd4nIuNLqRcdovyvhSvqCMKyY1E=
91,-164,0MNYkdUGW0WZxdsX8VjitFdNNIg=,Sd4nIuNLqRcdovyvhSvqCMKyY1E=
92,-164,0MNYkdUGW0WZxdsX8VjitFdNNIg=,Sd4nIuNLqRcdovyvhSvqCMKyY1E=
93,-164,0MNYkdUGW0WZxdsX8VjitFdNNIg=,Sd4nIuNLqRcdovyvhSvqCMKyY1E=
81,-174,0MNYkdUGW0WZxdsX8VjitFdNNIg=,Sd4nIuNLqRcdovyvhSvqCMKyY1E=
94,-164,0MNYkdUGW0WZxdsX8VjitFdNNIg=,Sd4nIuNLqRcdovyvhSvqCMKyY1E=
95,-176,0MNYkdUGW0WZxdsX8VjitFdNNIg=,Sd4nIuNLqRcdovyvhSvqCMKyY1E=
85,-161,lEmgQjuNvzaDKxOZJY0c5zaBIUY=,Sd4nIuNLqRcdovyvhSvqCMKyY1E=
86,-161,lEmgQjuNvzaDKxOZJY0c5zaBIUY=,Sd4nIuNLqRcdovyvhSvqCMKyY1E=
87,-161,lEmgQjuNvzaDKxOZJY0c5zaBIUY=,Sd4nIuNLqRcdovyvhSvqCMKyY1E=
88,-161,lEmgQjuNvzaDKxOZJY0c5zaBIUY=,Sd4nIuNLqRcdovyvhSvqCMKyY1E=
89,-161,lEmgQjuNvzaDKxOZJY0c5zaBIUY=,Sd4nIuNLqRcdovyvhSvqCMKyY1E=
90,-161,lEmgQjuNvzaDKxOZJY0c5zaBIUY=,Sd4nIuNLqRcdovyvhSvqCMKyY1E=
91,-161,lEmgQjuNvzaDKxOZJY0c5zaBIUY=,Sd4nIuNLqRcdovyvhSvqCMKyY1E=
92,-161,lEmgQjuNvzaDKxOZJY0c5zaBIUY=,Sd4nIuNLqRcdovyvhSvqCMKyY1E=
93,-161,lEmgQjuNvzaDKxOZJY0c5zaBIUY=,Sd4nIuNLqRcdovyvhSvqCMKyY1E=
94,-161,lEmgQjuNvzaDKxOZJY0c5zaBIUY=,Sd4nIuNLqRcdovyvhSvqCMKyY1E=
95,-161,lEmgQjuNvzaDKxOZJY0c5zaBIUY=,Sd4nIuNLqRcdovyvhSvqCMKyY1E=
80,-172,0MNYkdUGW0WZxdsX8VjitFdNNIg=,Sd4nIuNLqRcdovyvhSvqCMKyY1E=
80,-163,0MNYkdUGW0WZxdsX8VjitFdNNIg=,Sd4nIuNLqRcdovyvhSvqCMKyY1E=
80,-171,0MNYkdUGW0WZxdsX8VjitFdNNIg=,Sd4nIuNLqRcdovyvhSvqCMKyY1E=
80,-176,0MNYkdUGW0WZxdsX8VjitFdNNIg=,Sd4nIuNLqRcdovyvhSvqCMKyY1E=
80,-170,0MNYkdUGW0WZxdsX8VjitFdNNIg=,Sd4nIuNLqRcdovyvhSvqCMKyY1E=
80,-164,0MNYkdUGW0WZxdsX8VjitFdNNIg=,Sd4nIuNLqRcdovyvhSvqCMKyY1E=
80,-169,0MNYkdUGW0WZxdsX8VjitFdNNIg=,Sd4nIuNLqRcdovyvhSvqCMKyY1E=
80,-175,0MNYkdUGW0WZxdsX8VjitFdNNIg=,Sd4nIuNLqRcdovyvhSvqCMKyY1E=
80,-168,0MNYkdUGW0WZxdsX8VjitFdNNIg=,Sd4nIuNLqRcdovyvhSvqCMKyY1E=
80,-167,0MNYkdUGW0WZxdsX8VjitFdNNIg=,Sd4nIuNLqRcdovyvhSvqCMKyY1E=
82,-162,0MNYkdUGW0WZxdsX8VjitFdNNIg=,Sd4nIuNLqRcdovyvhSvqCMKyY1E=
82,-163,0MNYkdUGW0WZxdsX8VjitFdNNIg=,Sd4nIuNLqRcdovyvhSvqCMKyY1E=
80,-173,0MNYkdUGW0WZxdsX8VjitFdNNIg=,Sd4nIuNLqRcdovyvhSvqCMKyY1E=
84,-161,0MNYkdUGW0WZxdsX8VjitFdNNIg=,Sd4nIuNLqRcdovyvhSvqCMKyY1E=
80,-166,0MNYkdUGW0WZxdsX8VjitFdNNIg=,Sd4nIuNLqRcdovyvhSvqCMKyY1E=
80,-174,0MNYkdUGW0WZxdsX8VjitFdNNIg=,Sd4nIuNLqRcdovyvhSvqCMKyY1E=
83,-161,0MNYkdUGW0WZxdsX8VjitFdNNIg=,Sd4nIuNLqRcdovyvhSvqCMKyY1E=
82,-161,0MNYkdUGW0WZxdsX8VjitFdNNIg=,Sd4nIuNLqRcdovyvhSvqCMKyY1E=
80,-162,0MNYkdUGW0WZxdsX8VjitFdNNIg=,Sd4nIuNLqRcdovyvhSvqCMKyY1E=
80,-161,0MNYkdUGW0WZxdsX8VjitFdNNIg=,Sd4nIuNLqRcdovyvhSvqCMKyY1E=
81,-161,0MNYkdUGW0WZxdsX8VjitFdNNIg=,Sd4nIuNLqRcdovyvhSvqCMKyY1E=
80,-165,0MNYkdUGW0WZxdsX8VjitFdNNIg=,Sd4nIuNLqRcdovyvhSvqCMKyY1E=
71,-189,lHS41SI9A/jgbX7dLwOhCvup1BM=,eduw+VyMrohLrnfces8QpjwS88Q=
64,-188,lHS41SI9A/jgbX7dLwOhCvup1BM=,eduw+VyMrohLrnfces8QpjwS88Q=
64,-187,lHS41SI9A/jgbX7dLwOhCvup1BM=,eduw+VyMrohLrnfces8QpjwS88Q=
64,-186,lHS41SI9A/jgbX7dLwOhCvup1BM=,eduw+VyMrohLrnfces8QpjwS88Q=
64,-185,lHS41SI9A/jgbX7dLwOhCvup1BM=,eduw+VyMrohLrnfces8QpjwS88Q=
64,-184,lHS41SI9A/jgbX7dLwOhCvup1BM=,eduw+VyMrohLrnfces8QpjwS88Q=
64,-183,lHS41SI9A/jgbX7dLwOhCvup1BM=,eduw+VyMrohLrnfces8QpjwS88Q=
64,-182,lHS41SI9A/jgbX7dLwOhCvup1BM=,eduw+VyMrohLrnfces8QpjwS88Q=
64,-181,lHS41SI9A/jgbX7dLwOhCvup1BM=,eduw+VyMrohLrnfces8QpjwS88Q=
64,-190,lHS41SI9A/jgbX7dLwOhCvup1BM=,eduw+VyMrohLrnfces8QpjwS88Q=
64,-191,lHS41SI9A/jgbX7dLwOhCvup1BM=,eduw+VyMrohLrnfces8QpjwS88Q=
64,-189,lHS41SI9A/jgbX7dLwOhCvup1BM=,eduw+VyMrohLrnfces8QpjwS88Q=
64,-179,lHS41SI9A/jgbX7dLwOhCvup1BM=,eduw+VyMrohLrnfces8QpjwS88Q=
64,-180,lHS41SI9A/jgbX7dLwOhCvup1BM=,eduw+VyMrohLrnfces8QpjwS88Q=
64,-178,lHS41SI9A/jgbX7dLwOhCvup1BM=,eduw+VyMrohLrnfces8QpjwS88Q=
79,-192,lHS41SI9A/jgbX7dLwOhCvup1BM=,eduw+VyMrohLrnfces8QpjwS88Q=
64,-192,lHS41SI9A/jgbX7dLwOhCvup1BM=,eduw+VyMrohLrnfces8QpjwS88Q=
69,-192,lHS41SI9A/jgbX7dLwOhCvup1BM=,eduw+VyMrohLrnfces8QpjwS88Q=
70,-189,lHS41SI9A/jgbX7dLwOhCvup1BM=,eduw+VyMrohLrnfces8QpjwS88Q=
70,-190,lHS41SI9A/jgbX7dLwOhCvup1BM=,eduw+VyMrohLrnfces8QpjwS88Q=
69,-190,lHS41SI9A/jgbX7dLwOhCvup1BM=,eduw+VyMrohLrnfces8QpjwS88Q=
67,-192,lHS41SI9A/jgbX7dLwOhCvup1BM=,eduw+VyMrohLrnfces8QpjwS88Q=
69,-189,lHS41SI9A/jgbX7dLwOhCvup1BM=,eduw+VyMrohLrnfces8QpjwS88Q=
68,-189,lHS41SI9A/jgbX7dLwOhCvup1BM=,eduw+VyMrohLrnfces8QpjwS88Q=
67,-189,lHS41SI9A/jgbX7dLwOhCvup1BM=,eduw+VyMrohLrnfces8QpjwS88Q=
69,-191,lHS41SI9A/jgbX7dLwOhCvup1BM=,eduw+VyMrohLrnfces8QpjwS88Q=
68,-191,lHS41SI9A/jgbX7dLwOhCvup1BM=,eduw+VyMrohLrnfces8QpjwS88Q=
66,-189,lHS41SI9A/jgbX7dLwOhCvup1BM=,eduw+VyMrohLrnfces8QpjwS88Q=
65,-192,lHS41SI9A/jgbX7dLwOhCvup1BM=,eduw+VyMrohLrnfces8QpjwS88Q=
68,-190,lHS41SI9A/jgbX7dLwOhCvup1BM=,eduw+VyMrohLrnfces8QpjwS88Q=
65,-189,lHS41SI9A/jgbX7dLwOhCvup1BM=,eduw+VyMrohLrnfces8QpjwS88Q=
68,-192,lHS41SI9A/jgbX7dLwOhCvup1BM=,eduw+VyMrohLrnfces8QpjwS88Q=
79,-178,lHS41SI9A/jgbX7dLwOhCvup1BM=,eduw+VyMrohLrnfces8QpjwS88Q=
67,-190,lHS41SI9A/jgbX7dLwOhCvup1BM=,eduw+VyMrohLrnfces8QpjwS88Q=
78,-178,lHS41SI9A/jgbX7dLwOhCvup1BM=,eduw+VyMrohLrnfces8QpjwS88Q=
77,-178,lHS41SI9A/jgbX7dLwOhCvup1BM=,eduw+VyMrohLrnfces8QpjwS88Q=
76,-178,lHS41SI9A/jgbX7dLwOhCvup1BM=,eduw+VyMrohLrnfces8QpjwS88Q=
75,-178,lHS41SI9A/jgbX7dLwOhCvup1BM=,eduw+VyMrohLrnfces8QpjwS88Q=
74,-178,lHS41SI9A/jgbX7dLwOhCvup1BM=,eduw+VyMrohLrnfces8QpjwS88Q=
71,-178,lHS41SI9A/jgbX7dLwOhCvup1BM=,eduw+VyMrohLrnfces8QpjwS88Q=
70,-178,lHS41SI9A/jgbX7dLwOhCvup1BM=,eduw+VyMrohLrnfces8QpjwS88Q=
69,-178,lHS41SI9A/jgbX7dLwOhCvup1BM=,eduw+VyMrohLrnfces8QpjwS88Q=
68,-178,lHS41SI9A/jgbX7dLwOhCvup1BM=,eduw+VyMrohLrnfces8QpjwS88Q=
67,-178,lHS41SI9A/jgbX7dLwOhCvup1BM=,eduw+VyMrohLrnfces8QpjwS88Q=
66,-178,lHS41SI9A/jgbX7dLwOhCvup1BM=,eduw+VyMrohLrnfces8QpjwS88Q=
65,-178,lHS41SI9A/jgbX7dLwOhCvup1BM=,eduw+VyMrohLrnfces8QpjwS88Q=
67,-191,lHS41SI9A/jgbX7dLwOhCvup1BM=,eduw+VyMrohLrnfces8QpjwS88Q=
79,-179,lHS41SI9A/jgbX7dLwOhCvup1BM=,eduw+VyMrohLrnfces8QpjwS88Q=
66,-190,lHS41SI9A/jgbX7dLwOhCvup1BM=,eduw+VyMrohLrnfces8QpjwS88Q=
78,-179,lHS41SI9A/jgbX7dLwOhCvup1BM=,eduw+VyMrohLrnfces8QpjwS88Q=
77,-179,lHS41SI9A/jgbX7dLwOhCvup1BM=,eduw+VyMrohLrnfces8QpjwS88Q=
76,-179,lHS41SI9A/jgbX7dLwOhCvup1BM=,eduw+VyMrohLrnfces8QpjwS88Q=
75,-179,lHS41SI9A/jgbX7dLwOhCvup1BM=,eduw+VyMrohLrnfces8QpjwS88Q=
74,-179,lHS41SI9A/jgbX7dLwOhCvup1BM=,eduw+VyMrohLrnfces8QpjwS88Q=
73,-179,lHS41SI9A/jgbX7dLwOhCvup1BM=,eduw+VyMrohLrnfces8QpjwS88Q=
72,-179,lHS41SI9A/jgbX7dLwOhCvup1BM=,eduw+VyMrohLrnfces8QpjwS88Q=
71,-179,lHS41SI9A/jgbX7dLwOhCvup1BM=,eduw+VyMrohLrnfces8QpjwS88Q=
70,-179,lHS41SI9A/jgbX7dLwOhCvup1BM=,eduw+VyMrohLrnfces8QpjwS88Q=
69,-179,lHS41SI9A/jgbX7dLwOhCvup1BM=,eduw+VyMrohLrnfces8QpjwS88Q=
68,-179,lHS41SI9A/jgbX7dLwOhCvup1BM=,eduw+VyMrohLrnfces8QpjwS88Q=
67,-179,lHS41SI9A/jgbX7dLwOhCvup1BM=,eduw+VyMrohLrnfces8QpjwS88Q=
66,-179,lHS41SI9A/jgbX7dLwOhCvup1BM=,eduw+VyMrohLrnfces8QpjwS88Q=
65,-179,lHS41SI9A/jgbX7dLwOhCvup1BM=,eduw+VyMrohLrnfces8QpjwS88Q=
66,-191,lHS41SI9A/jgbX7dLwOhCvup1BM=,eduw+VyMrohLrnfces8QpjwS88Q=
78,-180,lHS41SI9A/jgbX7dLwOhCvup1BM=,eduw+VyMrohLrnfces8QpjwS88Q=
65,-190,lHS41SI9A/jgbX7dLwOhCvup1BM=,eduw+VyMrohLrnfces8QpjwS88Q=
79,-180,lHS41SI9A/jgbX7dLwOhCvup1BM=,eduw+VyMrohLrnfces8QpjwS88Q=
77,-180,lHS41SI9A/jgbX7dLwOhCvup1BM=,eduw+VyMrohLrnfces8QpjwS88Q=
76,-180,lHS41SI9A/jgbX7dLwOhCvup1BM=,eduw+VyMrohLrnfces8QpjwS88Q=
75,-180,lHS41SI9A/jgbX7dLwOhCvup1BM=,eduw+VyMrohLrnfces8QpjwS88Q=
74,-180,lHS41SI9A/jgbX7dLwOhCvup1BM=,eduw+VyMrohLrnfces8QpjwS88Q=
73,-180,lHS41SI9A/jgbX7dLwOhCvup1BM=,eduw+VyMrohLrnfces8QpjwS88Q=
72,-180,lHS41SI9A/jgbX7dLwOhCvup1BM=,eduw+VyMrohLrnfces8QpjwS88Q=
71,-180,lHS41SI9A/jgbX7dLwOhCvup1BM=,eduw+VyMrohLrnfces8QpjwS88Q=
70,-180,lHS41SI9A/jgbX7dLwOhCvup1BM=,eduw+VyMrohLrnfces8QpjwS88Q=
69,-180,lHS41SI9A/jgbX7dLwOhCvup1BM=,eduw+VyMrohLrnfces8QpjwS88Q=
68,-180,lHS41SI9A/jgbX7dLwOhCvup1BM=,eduw+VyMrohLrnfces8QpjwS88Q=
67,-180,lHS41SI9A/jgbX7dLwOhCvup1BM=,eduw+VyMrohLrnfces8QpjwS88Q=
66,-180,lHS41SI9A/jgbX7dLwOhCvup1BM=,eduw+VyMrohLrnfces8QpjwS88Q=
65,-180,lHS41SI9A/jgbX7dLwOhCvup1BM=,eduw+VyMrohLrnfces8QpjwS88Q=
65,-191,lHS41SI9A/jgbX7dLwOhCvup1BM=,eduw+VyMrohLrnfces8QpjwS88Q=
66,-192,lHS41SI9A/jgbX7dLwOhCvup1BM=,eduw+VyMrohLrnfces8QpjwS88Q=
78,-192,lHS41SI9A/jgbX7dLwOhCvup1BM=,eduw+VyMrohLrnfces8QpjwS88Q=
79,-190,lHS41SI9A/jgbX7dLwOhCvup1BM=,eduw+VyMrohLrnfces8QpjwS88Q=
79,-191,lHS41SI9A/jgbX7dLwOhCvup1BM=,eduw+VyMrohLrnfces8QpjwS88Q=
78,-191,lHS41SI9A/jgbX7dLwOhCvup1BM=,eduw+VyMrohLrnfces8QpjwS88Q=
78,-181,lHS41SI9A/jgbX7dLwOhCvup1BM=,eduw+VyMrohLrnfces8QpjwS88Q=
79,-181,lHS41SI9A/jgbX7dLwOhCvup1BM=,eduw+VyMrohLrnfces8QpjwS88Q=
76,-181,lHS41SI9A/jgbX7dLwOhCvup1BM=,eduw+VyMrohLrnfces8QpjwS88Q=
77,-181,lHS41SI9A/jgbX7dLwOhCvup1BM=,eduw+VyMrohLrnfces8QpjwS88Q=
75,-181,lHS41SI9A/jgbX7dLwOhCvup1BM=,eduw+VyMrohLrnfces8QpjwS88Q=
74,-181,lHS41SI9A/jgbX7dLwOhCvup1BM=,eduw+VyMrohLrnfces8QpjwS88Q=
73,-181,lHS41SI9A/jgbX7dLwOhCvup1BM=,eduw+VyMrohLrnfces8QpjwS88Q=
72,-181,lHS41SI9A/jgbX7dLwOhCvup1BM=,eduw+VyMrohLrnfces8QpjwS88Q=
71,-181,lHS41SI9A/jgbX7dLwOhCvup1BM=,eduw+VyMrohLrnfces8QpjwS88Q=
70,-181,lHS41SI9A/jgbX7dLwOhCvup1BM=,eduw+VyMrohLrnfces8QpjwS88Q=
69,-181,lHS41SI9A/jgbX7dLwOhCvup1BM=,eduw+VyMrohLrnfces8QpjwS88Q=
68,-181,lHS41SI9A/jgbX7dLwOhCvup1BM=,eduw+VyMrohLrnfces8QpjwS88Q=
67,-181,lHS41SI9A/jgbX7dLwOhCvup1BM=,eduw+VyMrohLrnfces8QpjwS88Q=
66,-181,lHS41SI9A/jgbX7dLwOhCvup1BM=,eduw+VyMrohLrnfces8QpjwS88Q=
65,-181,lHS41SI9A/jgbX7dLwOhCvup1BM=,eduw+VyMrohLrnfces8QpjwS88Q=
77,-192,lHS41SI9A/jgbX7dLwOhCvup1BM=,eduw+VyMrohLrnfces8QpjwS88Q=
78,-190,lHS41SI9A/jgbX7dLwOhCvup1BM=,eduw+VyMrohLrnfces8QpjwS88Q=
79,-182,lHS41SI9A/jgbX7dLwOhCvup1BM=,eduw+VyMrohLrnfces8QpjwS88Q=
77,-191,lHS41SI9A/jgbX7dLwOhCvup1BM=,eduw+VyMrohLrnfces8QpjwS88Q=
77,-182,lHS41SI9A/jgbX7dLwOhCvup1BM=,eduw+VyMrohLrnfces8QpjwS88Q=
76,-182,lHS41SI9A/jgbX7dLwOhCvup1BM=,eduw+VyMrohLrnfces8QpjwS88Q=
75,-182,lHS41SI9A/jgbX7dLwOhCvup1BM=,eduw+VyMrohLrnfces8QpjwS88Q=
74,-182,lHS41SI9A/jgbX7dLwOhCvup1BM=,eduw+VyMrohLrnfces8QpjwS88Q=
73,-182,lHS41SI9A/jgbX7dLwOhCvup1BM=,eduw+VyMrohLrnfces8QpjwS88Q=
72,-182,lHS41SI9A/jgbX7dLwOhCvup1BM=,eduw+VyMrohLrnfces8QpjwS88Q=
71,-182,lHS41SI9A/jgbX7dLwOhCvup1BM=,eduw+VyMrohLrnfces8QpjwS88Q=
70,-182,lHS41SI9A/jgbX7dLwOhCvup1BM=,eduw+VyMrohLrnfces8QpjwS88Q=
78,-182,lHS41SI9A/jgbX7dLwOhCvup1BM=,eduw+VyMrohLrnfces8QpjwS88Q=
69,-182,lHS41SI9A/jgbX7dLwOhCvup1BM=,eduw+VyMrohLrnfces8QpjwS88Q=
68,-182,lHS41SI9A/jgbX7dLwOhCvup1BM=,eduw+VyMrohLrnfces8QpjwS88Q=
67,-182,lHS41SI9A/jgbX7dLwOhCvup1BM=,eduw+VyMrohLrnfces8QpjwS88Q=
66,-182,lHS41SI9A/jgbX7dLwOhCvup1BM=,eduw+VyMrohLrnfces8QpjwS88Q=
65,-182,lHS41SI9A/jgbX7dLwOhCvup1BM=,eduw+VyMrohLrnfces8QpjwS88Q=
77,-190,lHS41SI9A/jgbX7dLwOhCvup1BM=,eduw+VyMrohLrnfces8QpjwS88Q=
76,-192,lHS41SI9A/jgbX7dLwOhCvup1BM=,eduw+VyMrohLrnfces8QpjwS88Q=
79,-183,lHS41SI9A/jgbX7dLwOhCvup1BM=,eduw+VyMrohLrnfces8QpjwS88Q=
76,-191,lHS41SI9A/jgbX7dLwOhCvup1BM=,eduw+VyMrohLrnfces8QpjwS88Q=
78,-183,lHS41SI9A/jgbX7dLwOhCvup1BM=,eduw+VyMrohLrnfces8QpjwS88Q=
77,-183,lHS41SI9A/jgbX7dLwOhCvup1BM=,eduw+VyMrohLrnfces8QpjwS88Q=
76,-183,lHS41SI9A/jgbX7dLwOhCvup1BM=,eduw+VyMrohLrnfces8QpjwS88Q=
75,-183,lHS41SI9A/jgbX7dLwOhCvup1BM=,eduw+VyMrohLrnfces8QpjwS88Q=
74,-183,lHS41SI9A/jgbX7dLwOhCvup1BM=,eduw+VyMrohLrnfces8QpjwS88Q=
73,-183,lHS41SI9A/jgbX7dLwOhCvup1BM=,eduw+VyMrohLrnfces8QpjwS88Q=
72,-183,lHS41SI9A/jgbX7dLwOhCvup1BM=,eduw+VyMrohLrnfces8QpjwS88Q=
71,-183,lHS41SI9A/jgbX7dLwOhCvup1BM=,eduw+VyMrohLrnfces8QpjwS88Q=
70,-183,lHS41SI9A/jgbX7dLwOhCvup1BM=,eduw+VyMrohLrnfces8QpjwS88Q=
69,-183,lHS41SI9A/jgbX7dLwOhCvup1BM=,eduw+VyMrohLrnfces8QpjwS88Q=
67,-183,lHS41SI9A/jgbX7dLwOhCvup1BM=,eduw+VyMrohLrnfces8QpjwS88Q=
68,-183,lHS41SI9A/jgbX7dLwOhCvup1BM=,eduw+VyMrohLrnfces8QpjwS88Q=
66,-183,lHS41SI9A/jgbX7dLwOhCvup1BM=,eduw+VyMrohLrnfces8QpjwS88Q=
65,-183,lHS41SI9A/jgbX7dLwOhCvup1BM=,eduw+VyMrohLrnfces8QpjwS88Q=
76,-190,lHS41SI9A/jgbX7dLwOhCvup1BM=,eduw+VyMrohLrnfces8QpjwS88Q=
75,-192,lHS41SI9A/jgbX7dLwOhCvup1BM=,eduw+VyMrohLrnfces8QpjwS88Q=
75,-191,lHS41SI9A/jgbX7dLwOhCvup1BM=,eduw+VyMrohLrnfces8QpjwS88Q=
79,-184,lHS41SI9A/jgbX7dLwOhCvup1BM=,eduw+VyMrohLrnfces8QpjwS88Q=
78,-184,lHS41SI9A/jgbX7dLwOhCvup1BM=,eduw+VyMrohLrnfces8QpjwS88Q=
77,-184,lHS41SI9A/jgbX7dLwOhCvup1BM=,eduw+VyMrohLrnfces8QpjwS88Q=
76,-184,lHS41SI9A/jgbX7dLwOhCvup1BM=,eduw+VyMrohLrnfces8QpjwS88Q=
75,-184,lHS41SI9A/jgbX7dLwOhCvup1BM=,eduw+VyMrohLrnfces8QpjwS88Q=
74,-184,lHS41SI9A/jgbX7dLwOhCvup1BM=,eduw+VyMrohLrnfces8QpjwS88Q=
73,-184,lHS41SI9A/jgbX7dLwOhCvup1BM=,eduw+VyMrohLrnfces8QpjwS88Q=
72,-184,lHS41SI9A/jgbX7dLwOhCvup1BM=,eduw+VyMrohLrnfces8QpjwS88Q=
71,-184,lHS41SI9A/jgbX7dLwOhCvup1BM=,eduw+VyMrohLrnfces8QpjwS88Q=
70,-184,lHS41SI9A/jgbX7dLwOhCvup1BM=,eduw+VyMrohLrnfces8QpjwS88Q=
68,-184,lHS41SI9A/jgbX7dLwOhCvup1BM=,eduw+VyMrohLrnfces8QpjwS88Q=
69,-184,lHS41SI9A/jgbX7dLwOhCvup1BM=,eduw+VyMrohLrnfces8QpjwS88Q=
67,-184,lHS41SI9A/jgbX7dLwOhCvup1BM=,eduw+VyMrohLrnfces8QpjwS88Q=
66,-184,lHS41SI9A/jgbX7dLwOhCvup1BM=,eduw+VyMrohLrnfces8QpjwS88Q=
65,-184,lHS41SI9A/jgbX7dLwOhCvup1BM=,eduw+VyMrohLrnfces8QpjwS88Q=
74,-192,lHS41SI9A/jgbX7dLwOhCvup1BM=,eduw+VyMrohLrnfces8QpjwS88Q=
75,-190,lHS41SI9A/jgbX7dLwOhCvup1BM=,eduw+VyMrohLrnfces8QpjwS88Q=
74,-191,lHS41SI9A/jgbX7dLwOhCvup1BM=,eduw+VyMrohLrnfces8QpjwS88Q=
78,-185,lHS41SI9A/jgbX7dLwOhCvup1BM=,eduw+VyMrohLrnfces8QpjwS88Q=
79,-185,lHS41SI9A/jgbX7dLwOhCvup1BM=,eduw+VyMrohLrnfces8QpjwS88Q=
77,-185,lHS41SI9A/jgbX7dLwOhCvup1BM=,eduw+VyMrohLrnfces8QpjwS88Q=
76,-185,lHS41SI9A/jgbX7dLwOhCvup1BM=,eduw+VyMrohLrnfces8QpjwS88Q=
75,-185,lHS41SI9A/jgbX7dLwOhCvup1BM=,eduw+VyMrohLrnfces8QpjwS88Q=
74,-185,lHS41SI9A/jgbX7dLwOhCvup1BM=,eduw+VyMrohLrnfces8QpjwS88Q=
73,-185,lHS41SI9A/jgbX7dLwOhCvup1BM=,eduw+VyMrohLrnfces8QpjwS88Q=
72,-185,lHS41SI9A/jgbX7dLwOhCvup1BM=,eduw+VyMrohLrnfces8QpjwS88Q=
71,-185,lHS41SI9A/jgbX7dLwOhCvup1BM=,eduw+VyMrohLrnfces8QpjwS88Q=
70,-185,lHS41SI9A/jgbX7dLwOhCvup1BM=,eduw+VyMrohLrnfces8QpjwS88Q=
69,-185,lHS41SI9A/jgbX7dLwOhCvup1BM=,eduw+VyMrohLrnfces8QpjwS88Q=
68,-185,lHS41SI9A/jgbX7dLwOhCvup1BM=,eduw+VyMrohLrnfces8QpjwS88Q=
67,-185,lHS41SI9A/jgbX7dLwOhCvup1BM=,eduw+VyMrohLrnfces8QpjwS88Q=
66,-185,lHS41SI9A/jgbX7dLwOhCvup1BM=,eduw+VyMrohLrnfces8QpjwS88Q=
65,-185,lHS41SI9A/jgbX7dLwOhCvup1BM=,eduw+VyMrohLrnfces8QpjwS88Q=
73,-192,lHS41SI9A/jgbX7dLwOhCvup1BM=,eduw+VyMrohLrnfces8QpjwS88Q=
73,-191,lHS41SI9A/jgbX7dLwOhCvup1BM=,eduw+VyMrohLrnfces8QpjwS88Q=
74,-190,lHS41SI9A/jgbX7dLwOhCvup1BM=,eduw+VyMrohLrnfces8QpjwS88Q=
78,-186,lHS41SI9A/jgbX7dLwOhCvup1BM=,eduw+VyMrohLrnfces8QpjwS88Q=
79,-186,lHS41SI9A/jgbX7dLwOhCvup1BM=,eduw+VyMrohLrnfces8QpjwS88Q=
77,-186,lHS41SI9A/jgbX7dLwOhCvup1BM=,eduw+VyMrohLrnfces8QpjwS88Q=
76,-186,lHS41SI9A/jgbX7dLwOhCvup1BM=,eduw+VyMrohLrnfces8QpjwS88Q=
75,-186,lHS41SI9A/jgbX7dLwOhCvup1BM=,eduw+VyMrohLrnfces8QpjwS88Q=
74,-186,lHS41SI9A/jgbX7dLwOhCvup1BM=,eduw+VyMrohLrnfces8QpjwS88Q=
73,-186,lHS41SI9A/jgbX7dLwOhCvup1BM=,eduw+VyMrohLrnfces8QpjwS88Q=
72,-186,lHS41SI9A/jgbX7dLwOhCvup1BM=,eduw+VyMrohLrnfces8QpjwS88Q=
71,-186,lHS41SI9A/jgbX7dLwOhCvup1BM=,eduw+VyMrohLrnfces8QpjwS88Q=
70,-186,lHS41SI9A/jgbX7dLwOhCvup1BM=,eduw+VyMrohLrnfces8QpjwS88Q=
69,-186,lHS41SI9A/jgbX7dLwOhCvup1BM=,eduw+VyMrohLrnfces8QpjwS88Q=
68,-186,lHS41SI9A/jgbX7dLwOhCvup1BM=,eduw+VyMrohLrnfces8QpjwS88Q=
67,-186,lHS41SI9A/jgbX7dLwOhCvup1BM=,eduw+VyMrohLrnfces8QpjwS88Q=
66,-186,lHS41SI9A/jgbX7dLwOhCvup1BM=,eduw+VyMrohLrnfces8QpjwS88Q=
72,-192,lHS41SI9A/jgbX7dLwOhCvup1BM=,eduw+VyMrohLrnfces8QpjwS88Q=
65,-186,lHS41SI9A/jgbX7dLwOhCvup1BM=,eduw+VyMrohLrnfces8QpjwS88Q=
73,-190,lHS41SI9A/jgbX7dLwOhCvup1BM=,eduw+VyMrohLrnfces8QpjwS88Q=
79,-187,lHS41SI9A/jgbX7dLwOhCvup1BM=,eduw+VyMrohLrnfces8QpjwS88Q=
72,-191,lHS41SI9A/jgbX7dLwOhCvup1BM=,eduw+VyMrohLrnfces8QpjwS88Q=
78,-187,lHS41SI9A/jgbX7dLwOhCvup1BM=,eduw+VyMrohLrnfces8QpjwS88Q=
77,-187,lHS41SI9A/jgbX7dLwOhCvup1BM=,eduw+VyMrohLrnfces8QpjwS88Q=
76,-187,lHS41SI9A/jgbX7dLwOhCvup1BM=,eduw+VyMrohLrnfces8QpjwS88Q=
75,-187,lHS41SI9A/jgbX7dLwOhCvup1BM=,eduw+VyMrohLrnfces8QpjwS88Q=
74,-187,lHS41SI9A/jgbX7dLwOhCvup1BM=,eduw+VyMrohLrnfces8QpjwS88Q=
73,-187,lHS41SI9A/jgbX7dLwOhCvup1BM=,eduw+VyMrohLrnfces8QpjwS88Q=
72,-187,lHS41SI9A/jgbX7dLwOhCvup1BM=,eduw+VyMrohLrnfces8QpjwS88Q=
71,-187,lHS41SI9A/jgbX7dLwOhCvup1BM=,eduw+VyMrohLrnfces8QpjwS88Q=
70,-187,lHS41SI9A/jgbX7dLwOhCvup1BM=,eduw+VyMrohLrnfces8QpjwS88Q=
69,-187,lHS41SI9A/jgbX7dLwOhCvup1BM=,eduw+VyMrohLrnfces8QpjwS88Q=
68,-187,lHS41SI9A/jgbX7dLwOhCvup1BM=,eduw+VyMrohLrnfces8QpjwS88Q=
67,-187,lHS41SI9A/jgbX7dLwOhCvup1BM=,eduw+VyMrohLrnfces8QpjwS88Q=
65,-187,lHS41SI9A/jgbX7dLwOhCvup1BM=,eduw+VyMrohLrnfces8QpjwS88Q=
66,-187,lHS41SI9A/jgbX7dLwOhCvup1BM=,eduw+VyMrohLrnfces8QpjwS88Q=
71,-192,lHS41SI9A/jgbX7dLwOhCvup1BM=,eduw+VyMrohLrnfces8QpjwS88Q=
72,-190,lHS41SI9A/jgbX7dLwOhCvup1BM=,eduw+VyMrohLrnfces8QpjwS88Q=
71,-191,lHS41SI9A/jgbX7dLwOhCvup1BM=,eduw+VyMrohLrnfces8QpjwS88Q=
78,-188,lHS41SI9A/jgbX7dLwOhCvup1BM=,eduw+VyMrohLrnfces8QpjwS88Q=
79,-188,lHS41SI9A/jgbX7dLwOhCvup1BM=,eduw+VyMrohLrnfces8QpjwS88Q=
77,-188,lHS41SI9A/jgbX7dLwOhCvup1BM=,eduw+VyMrohLrnfces8QpjwS88Q=
76,-188,lHS41SI9A/jgbX7dLwOhCvup1BM=,eduw+VyMrohLrnfces8QpjwS88Q=
75,-188,lHS41SI9A/jgbX7dLwOhCvup1BM=,eduw+VyMrohLrnfces8QpjwS88Q=
74,-188,lHS41SI9A/jgbX7dLwOhCvup1BM=,eduw+VyMrohLrnfces8QpjwS88Q=
73,-188,lHS41SI9A/jgbX7dLwOhCvup1BM=,eduw+VyMrohLrnfces8QpjwS88Q=
72,-188,lHS41SI9A/jgbX7dLwOhCvup1BM=,eduw+VyMrohLrnfces8QpjwS88Q=
71,-188,lHS41SI9A/jgbX7dLwOhCvup1BM=,eduw+VyMrohLrnfces8QpjwS88Q=
70,-188,lHS41SI9A/jgbX7dLwOhCvup1BM=,eduw+VyMrohLrnfces8QpjwS88Q=
69,-188,lHS41SI9A/jgbX7dLwOhCvup1BM=,eduw+VyMrohLrnfces8QpjwS88Q=
68,-188,lHS41SI9A/jgbX7dLwOhCvup1BM=,eduw+VyMrohLrnfces8QpjwS88Q=
67,-188,lHS41SI9A/jgbX7dLwOhCvup1BM=,eduw+VyMrohLrnfces8QpjwS88Q=
66,-188,lHS41SI9A/jgbX7dLwOhCvup1BM=,eduw+VyMrohLrnfces8QpjwS88Q=
65,-188,lHS41SI9A/jgbX7dLwOhCvup1BM=,eduw+VyMrohLrnfces8QpjwS88Q=
71,-190,lHS41SI9A/jgbX7dLwOhCvup1BM=,eduw+VyMrohLrnfces8QpjwS88Q=
70,-192,lHS41SI9A/jgbX7dLwOhCvup1BM=,eduw+VyMrohLrnfces8QpjwS88Q=
79,-189,lHS41SI9A/jgbX7dLwOhCvup1BM=,eduw+VyMrohLrnfces8QpjwS88Q=
78,-189,lHS41SI9A/jgbX7dLwOhCvup1BM=,eduw+VyMrohLrnfces8QpjwS88Q=
70,-191,lHS41SI9A/jgbX7dLwOhCvup1BM=,eduw+VyMrohLrnfces8QpjwS88Q=
77,-189,lHS41SI9A/jgbX7dLwOhCvup1BM=,eduw+VyMrohLrnfces8QpjwS88Q=
76,-189,lHS41SI9A/jgbX7dLwOhCvup1BM=,eduw+VyMrohLrnfces8QpjwS88Q=
75,-189,lHS41SI9A/jgbX7dLwOhCvup1BM=,eduw+VyMrohLrnfces8QpjwS88Q=
74,-189,lHS41SI9A/jgbX7dLwOhCvup1BM=,eduw+VyMrohLrnfces8QpjwS88Q=
73,-189,lHS41SI9A/jgbX7dLwOhCvup1BM=,eduw+VyMrohLrnfces8QpjwS88Q=
72,-189,lHS41SI9A/jgbX7dLwOhCvup1BM=,eduw+VyMrohLrnfces8QpjwS88Q=
64,-177,lHS41SI9A/jgbX7dLwOhCvup1BM=,eduw+VyMrohLrnfces8QpjwS88Q=
79,-177,lHS41SI9A/jgbX7dLwOhCvup1BM=,eduw+VyMrohLrnfces8QpjwS88Q=
78,-177,lHS41SI9A/jgbX7dLwOhCvup1BM=,eduw+VyMrohLrnfces8QpjwS88Q=
65,-177,lHS41SI9A/jgbX7dLwOhCvup1BM=,eduw+VyMrohLrnfces8QpjwS88Q=
77,-177,lHS41SI9A/jgbX7dLwOhCvup1BM=,eduw+VyMrohLrnfces8QpjwS88Q=
66,-177,lHS41SI9A/jgbX7dLwOhCvup1BM=,eduw+VyMrohLrnfces8QpjwS88Q=
76,-177,lHS41SI9A/jgbX7dLwOhCvup1BM=,eduw+VyMrohLrnfces8QpjwS88Q=
75,-177,lHS41SI9A/jgbX7dLwOhCvup1BM=,eduw+VyMrohLrnfces8QpjwS88Q=
67,-177,lHS41SI9A/jgbX7dLwOhCvup1BM=,eduw+VyMrohLrnfces8QpjwS88Q=
68,-177,lHS41SI9A/jgbX7dLwOhCvup1BM=,eduw+VyMrohLrnfces8QpjwS88Q=
69,-177,lHS41SI9A/jgbX7dLwOhCvup1BM=,eduw+VyMrohLrnfces8QpjwS88Q=
70,-177,lHS41SI9A/jgbX7dLwOhCvup1BM=,eduw+VyMrohLrnfces8QpjwS88Q=
72,-178,lHS41SI9A/jgbX7dLwOhCvup1BM=,eduw+VyMrohLrnfces8QpjwS88Q=
73,-178,lHS41SI9A/jgbX7dLwOhCvup1BM=,eduw+VyMrohLrnfces8QpjwS88Q=
72,-177,lHS41SI9A/jgbX7dLwOhCvup1BM=,eduw+VyMrohLrnfces8QpjwS88Q=
74,-177,lHS41SI9A/jgbX7dLwOhCvup1BM=,eduw+VyMrohLrnfces8QpjwS88Q=
71,-177,lHS41SI9A/jgbX7dLwOhCvup1BM=,eduw+VyMrohLrnfces8QpjwS88Q=
73,-177,lHS41SI9A/jgbX7dLwOhCvup1BM=,eduw+VyMrohLrnfces8QpjwS88Q=
67,-176,XttiIWnqUaCCt5xNTCN5qfXkQ+o=,R6dqp/a8XD1X2GT54ZX4Yk9JvJo=
65,-176,XttiIWnqUaCCt5xNTCN5qfXkQ+o=,R6dqp/a8XD1X2GT54ZX4Yk9JvJo=
66,-173,XttiIWnqUaCCt5xNTCN5qfXkQ+o=,R6dqp/a8XD1X2GT54ZX4Yk9JvJo=
67,-173,XttiIWnqUaCCt5xNTCN5qfXkQ+o=,R6dqp/a8XD1X2GT54ZX4Yk9JvJo=
79,-161,XttiIWnqUaCCt5xNTCN5qfXkQ+o=,R6dqp/a8XD1X2GT54ZX4Yk9JvJo=
68,-175,XttiIWnqUaCCt5xNTCN5qfXkQ+o=,R6dqp/a8XD1X2GT54ZX4Yk9JvJo=
68,-173,XttiIWnqUaCCt5xNTCN5qfXkQ+o=,R6dqp/a8XD1X2GT54ZX4Yk9JvJo=
68,-174,XttiIWnqUaCCt5xNTCN5qfXkQ+o=,R6dqp/a8XD1X2GT54ZX4Yk9JvJo=
78,-161,XttiIWnqUaCCt5xNTCN5qfXkQ+o=,R6dqp/a8XD1X2GT54ZX4Yk9JvJo=
69,-176,XttiIWnqUaCCt5xNTCN5qfXkQ+o=,R6dqp/a8XD1X2GT54ZX4Yk9JvJo=
69,-175,XttiIWnqUaCCt5xNTCN5qfXkQ+o=,R6dqp/a8XD1X2GT54ZX4Yk9JvJo=
70,-173,XttiIWnqUaCCt5xNTCN5qfXkQ+o=,R6dqp/a8XD1X2GT54ZX4Yk9JvJo=
69,-174,XttiIWnqUaCCt5xNTCN5qfXkQ+o=,R6dqp/a8XD1X2GT54ZX4Yk9JvJo=
71,-173,XttiIWnqUaCCt5xNTCN5qfXkQ+o=,R6dqp/a8XD1X2GT54ZX4Yk9JvJo=
77,-161,XttiIWnqUaCCt5xNTCN5qfXkQ+o=,R6dqp/a8XD1X2GT54ZX4Yk9JvJo=
75,-161,XttiIWnqUaCCt5xNTCN5qfXkQ+o=,R6dqp/a8XD1X2GT54ZX4Yk9JvJo=
70,-174,XttiIWnqUaCCt5xNTCN5qfXkQ+o=,R6dqp/a8XD1X2GT54ZX4Yk9JvJo=
76,-161,XttiIWnqUaCCt5xNTCN5qfXkQ+o=,R6dqp/a8XD1X2GT54ZX4Yk9JvJo=
74,-161,XttiIWnqUaCCt5xNTCN5qfXkQ+o=,R6dqp/a8XD1X2GT54ZX4Yk9JvJo=
66,-161,XttiIWnqUaCCt5xNTCN5qfXkQ+o=,R6dqp/a8XD1X2GT54ZX4Yk9JvJo=
65,-161,XttiIWnqUaCCt5xNTCN5qfXkQ+o=,R6dqp/a8XD1X2GT54ZX4Yk9JvJo=
73,-161,XttiIWnqUaCCt5xNTCN5qfXkQ+o=,R6dqp/a8XD1X2GT54ZX4Yk9JvJo=
65,-173,XttiIWnqUaCCt5xNTCN5qfXkQ+o=,R6dqp/a8XD1X2GT54ZX4Yk9JvJo=
69,-173,XttiIWnqUaCCt5xNTCN5qfXkQ+o=,R6dqp/a8XD1X2GT54ZX4Yk9JvJo=
64,-161,XttiIWnqUaCCt5xNTCN5qfXkQ+o=,R6dqp/a8XD1X2GT54ZX4Yk9JvJo=
68,-176,XttiIWnqUaCCt5xNTCN5qfXkQ+o=,R6dqp/a8XD1X2GT54ZX4Yk9JvJo=
68,-161,XttiIWnqUaCCt5xNTCN5qfXkQ+o=,R6dqp/a8XD1X2GT54ZX4Yk9JvJo=
72,-161,XttiIWnqUaCCt5xNTCN5qfXkQ+o=,R6dqp/a8XD1X2GT54ZX4Yk9JvJo=
69,-161,XttiIWnqUaCCt5xNTCN5qfXkQ+o=,R6dqp/a8XD1X2GT54ZX4Yk9JvJo=
67,-162,XttiIWnqUaCCt5xNTCN5qfXkQ+o=,R6dqp/a8XD1X2GT54ZX4Yk9JvJo=
66,-162,XttiIWnqUaCCt5xNTCN5qfXkQ+o=,R6dqp/a8XD1X2GT54ZX4Yk9JvJo=
65,-162,XttiIWnqUaCCt5xNTCN5qfXkQ+o=,R6dqp/a8XD1X2GT54ZX4Yk9JvJo=
70,-161,XttiIWnqUaCCt5xNTCN5qfXkQ+o=,R6dqp/a8XD1X2GT54ZX4Yk9JvJo=
67,-175,XttiIWnqUaCCt5xNTCN5qfXkQ+o=,R6dqp/a8XD1X2GT54ZX4Yk9JvJo=
66,-174,XttiIWnqUaCCt5xNTCN5qfXkQ+o=,R6dqp/a8XD1X2GT54ZX4Yk9JvJo=
67,-161,XttiIWnqUaCCt5xNTCN5qfXkQ+o=,R6dqp/a8XD1X2GT54ZX4Yk9JvJo=
76,-163,XttiIWnqUaCCt5xNTCN5qfXkQ+o=,R6dqp/a8XD1X2GT54ZX4Yk9JvJo=
73,-163,XttiIWnqUaCCt5xNTCN5qfXkQ+o=,R6dqp/a8XD1X2GT54ZX4Yk9JvJo=
78,-163,XttiIWnqUaCCt5xNTCN5qfXkQ+o=,R6dqp/a8XD1X2GT54ZX4Yk9JvJo=
78,-162,XttiIWnqUaCCt5xNTCN5qfXkQ+o=,R6dqp/a8XD1X2GT54ZX4Yk9JvJo=
68,-162,XttiIWnqUaCCt5xNTCN5qfXkQ+o=,R6dqp/a8XD1X2GT54ZX4Yk9JvJo=
71,-161,XttiIWnqUaCCt5xNTCN5qfXkQ+o=,R6dqp/a8XD1X2GT54ZX4Yk9JvJo=
68,-163,XttiIWnqUaCCt5xNTCN5qfXkQ+o=,R6dqp/a8XD1X2GT54ZX4Yk9JvJo=
67,-163,XttiIWnqUaCCt5xNTCN5qfXkQ+o=,R6dqp/a8XD1X2GT54ZX4Yk9JvJo=
66,-163,XttiIWnqUaCCt5xNTCN5qfXkQ+o=,R6dqp/a8XD1X2GT54ZX4Yk9JvJo=
72,-173,XttiIWnqUaCCt5xNTCN5qfXkQ+o=,R6dqp/a8XD1X2GT54ZX4Yk9JvJo=
66,-175,XttiIWnqUaCCt5xNTCN5qfXkQ+o=,R6dqp/a8XD1X2GT54ZX4Yk9JvJo=
67,-174,XttiIWnqUaCCt5xNTCN5qfXkQ+o=,R6dqp/a8XD1X2GT54ZX4Yk9JvJo=
78,-164,XttiIWnqUaCCt5xNTCN5qfXkQ+o=,R6dqp/a8XD1X2GT54ZX4Yk9JvJo=
65,-174,XttiIWnqUaCCt5xNTCN5qfXkQ+o=,R6dqp/a8XD1X2GT54ZX4Yk9JvJo=
64,-176,XttiIWnqUaCCt5xNTCN5qfXkQ+o=,R6dqp/a8XD1X2GT54ZX4Yk9JvJo=
69,-163,XttiIWnqUaCCt5xNTCN5qfXkQ+o=,R6dqp/a8XD1X2GT54ZX4Yk9JvJo=
72,-163,XttiIWnqUaCCt5xNTCN5qfXkQ+o=,R6dqp/a8XD1X2GT54ZX4Yk9JvJo=
71,-163,XttiIWnqUaCCt5xNTCN5qfXkQ+o=,R6dqp/a8XD1X2GT54ZX4Yk9JvJo=
79,-164,XttiIWnqUaCCt5xNTCN5qfXkQ+o=,R6dqp/a8XD1X2GT54ZX4Yk9JvJo=
74,-164,XttiIWnqUaCCt5xNTCN5qfXkQ+o=,R6dqp/a8XD1X2GT54ZX4Yk9JvJo=
76,-164,XttiIWnqUaCCt5xNTCN5qfXkQ+o=,R6dqp/a8XD1X2GT54ZX4Yk9JvJo=
75,-164,XttiIWnqUaCCt5xNTCN5qfXkQ+o=,R6dqp/a8XD1X2GT54ZX4Yk9JvJo=
64,-162,XttiIWnqUaCCt5xNTCN5qfXkQ+o=,R6dqp/a8XD1X2GT54ZX4Yk9JvJo=
75,-163,XttiIWnqUaCCt5xNTCN5qfXkQ+o=,R6dqp/a8XD1X2GT54ZX4Yk9JvJo=
67,-164,XttiIWnqUaCCt5xNTCN5qfXkQ+o=,R6dqp/a8XD1X2GT54ZX4Yk9JvJo=
68,-164,XttiIWnqUaCCt5xNTCN5qfXkQ+o=,R6dqp/a8XD1X2GT54ZX4Yk9JvJo=
66,-164,XttiIWnqUaCCt5xNTCN5qfXkQ+o=,R6dqp/a8XD1X2GT54ZX4Yk9JvJo=
72,-164,XttiIWnqUaCCt5xNTCN5qfXkQ+o=,R6dqp/a8XD1X2GT54ZX4Yk9JvJo=
65,-175,XttiIWnqUaCCt5xNTCN5qfXkQ+o=,R6dqp/a8XD1X2GT54ZX4Yk9JvJo=
76,-162,XttiIWnqUaCCt5xNTCN5qfXkQ+o=,R6dqp/a8XD1X2GT54ZX4Yk9JvJo=
64,-175,XttiIWnqUaCCt5xNTCN5qfXkQ+o=,R6dqp/a8XD1X2GT54ZX4Yk9JvJo=
66,-176,XttiIWnqUaCCt5xNTCN5qfXkQ+o=,R6dqp/a8XD1X2GT54ZX4Yk9JvJo=
64,-173,XttiIWnqUaCCt5xNTCN5qfXkQ+o=,R6dqp/a8XD1X2GT54ZX4Yk9JvJo=
79,-174,XttiIWnqUaCCt5xNTCN5qfXkQ+o=,R6dqp/a8XD1X2GT54ZX4Yk9JvJo=
79,-176,XttiIWnqUaCCt5xNTCN5qfXkQ+o=,R6dqp/a8XD1X2GT54ZX4Yk9JvJo=
64,-174,XttiIWnqUaCCt5xNTCN5qfXkQ+o=,R6dqp/a8XD1X2GT54ZX4Yk9JvJo=
78,-176,XttiIWnqUaCCt5xNTCN5qfXkQ+o=,R6dqp/a8XD1X2GT54ZX4Yk9JvJo=
79,-175,XttiIWnqUaCCt5xNTCN5qfXkQ+o=,R6dqp/a8XD1X2GT54ZX4Yk9JvJo=
78,-175,XttiIWnqUaCCt5xNTCN5qfXkQ+o=,R6dqp/a8XD1X2GT54ZX4Yk9JvJo=
69,-162,XttiIWnqUaCCt5xNTCN5qfXkQ+o=,R6dqp/a8XD1X2GT54ZX4Yk9JvJo=
65,-164,XttiIWnqUaCCt5xNTCN5qfXkQ+o=,R6dqp/a8XD1X2GT54ZX4Yk9JvJo=
71,-164,XttiIWnqUaCCt5xNTCN5qfXkQ+o=,R6dqp/a8XD1X2GT54ZX4Yk9JvJo=
73,-173,XttiIWnqUaCCt5xNTCN5qfXkQ+o=,R6dqp/a8XD1X2GT54ZX4Yk9JvJo=
73,-162,XttiIWnqUaCCt5xNTCN5qfXkQ+o=,R6dqp/a8XD1X2GT54ZX4Yk9JvJo=
74,-173,XttiIWnqUaCCt5xNTCN5qfXkQ+o=,R6dqp/a8XD1X2GT54ZX4Yk9JvJo=
75,-173,XttiIWnqUaCCt5xNTCN5qfXkQ+o=,R6dqp/a8XD1X2GT54ZX4Yk9JvJo=
77,-173,XttiIWnqUaCCt5xNTCN5qfXkQ+o=,R6dqp/a8XD1X2GT54ZX4Yk9JvJo=
76,-173,XttiIWnqUaCCt5xNTCN5qfXkQ+o=,R6dqp/a8XD1X2GT54ZX4Yk9JvJo=
78,-173,XttiIWnqUaCCt5xNTCN5qfXkQ+o=,R6dqp/a8XD1X2GT54ZX4Yk9JvJo=
74,-165,XttiIWnqUaCCt5xNTCN5qfXkQ+o=,R6dqp/a8XD1X2GT54ZX4Yk9JvJo=
64,-164,XttiIWnqUaCCt5xNTCN5qfXkQ+o=,R6dqp/a8XD1X2GT54ZX4Yk9JvJo=
72,-162,XttiIWnqUaCCt5xNTCN5qfXkQ+o=,R6dqp/a8XD1X2GT54ZX4Yk9JvJo=
70,-162,XttiIWnqUaCCt5xNTCN5qfXkQ+o=,R6dqp/a8XD1X2GT54ZX4Yk9JvJo=
79,-173,XttiIWnqUaCCt5xNTCN5qfXkQ+o=,R6dqp/a8XD1X2GT54ZX4Yk9JvJo=
77,-162,XttiIWnqUaCCt5xNTCN5qfXkQ+o=,R6dqp/a8XD1X2GT54ZX4Yk9JvJo=
71,-165,XttiIWnqUaCCt5xNTCN5qfXkQ+o=,R6dqp/a8XD1X2GT54ZX4Yk9JvJo=
68,-165,XttiIWnqUaCCt5xNTCN5qfXkQ+o=,R6dqp/a8XD1X2GT54ZX4Yk9JvJo=
67,-165,XttiIWnqUaCCt5xNTCN5qfXkQ+o=,R6dqp/a8XD1X2GT54ZX4Yk9JvJo=
66,-165,XttiIWnqUaCCt5xNTCN5qfXkQ+o=,R6dqp/a8XD1X2GT54ZX4Yk9JvJo=
75,-162,XttiIWnqUaCCt5xNTCN5qfXkQ+o=,R6dqp/a8XD1X2GT54ZX4Yk9JvJo=
78,-174,XttiIWnqUaCCt5xNTCN5qfXkQ+o=,R6dqp/a8XD1X2GT54ZX4Yk9JvJo=
77,-176,XttiIWnqUaCCt5xNTCN5qfXkQ+o=,R6dqp/a8XD1X2GT54ZX4Yk9JvJo=
78,-165,XttiIWnqUaCCt5xNTCN5qfXkQ+o=,R6dqp/a8XD1X2GT54ZX4Yk9JvJo=
77,-175,XttiIWnqUaCCt5xNTCN5qfXkQ+o=,R6dqp/a8XD1X2GT54ZX4Yk9JvJo=
76,-165,XttiIWnqUaCCt5xNTCN5qfXkQ+o=,R6dqp/a8XD1X2GT54ZX4Yk9JvJo=
79,-162,XttiIWnqUaCCt5xNTCN5qfXkQ+o=,R6dqp/a8XD1X2GT54ZX4Yk9JvJo=
79,-166,XttiIWnqUaCCt5xNTCN5qfXkQ+o=,R6dqp/a8XD1X2GT54ZX4Yk9JvJo=
70,-175,XttiIWnqUaCCt5xNTCN5qfXkQ+o=,R6dqp/a8XD1X2GT54ZX4Yk9JvJo=
65,-165,XttiIWnqUaCCt5xNTCN5qfXkQ+o=,R6dqp/a8XD1X2GT54ZX4Yk9JvJo=
71,-162,XttiIWnqUaCCt5xNTCN5qfXkQ+o=,R6dqp/a8XD1X2GT54ZX4Yk9JvJo=
74,-162,XttiIWnqUaCCt5xNTCN5qfXkQ+o=,R6dqp/a8XD1X2GT54ZX4Yk9JvJo=
70,-176,XttiIWnqUaCCt5xNTCN5qfXkQ+o=,R6dqp/a8XD1X2GT54ZX4Yk9JvJo=
75,-166,XttiIWnqUaCCt5xNTCN5qfXkQ+o=,R6dqp/a8XD1X2GT54ZX4Yk9JvJo=
65,-163,XttiIWnqUaCCt5xNTCN5qfXkQ+o=,R6dqp/a8XD1X2GT54ZX4Yk9JvJo=
64,-165,XttiIWnqUaCCt5xNTCN5qfXkQ+o=,R6dqp/a8XD1X2GT54ZX4Yk9JvJo=
74,-166,XttiIWnqUaCCt5xNTCN5qfXkQ+o=,R6dqp/a8XD1X2GT54ZX4Yk9JvJo=
71,-174,XttiIWnqUaCCt5xNTCN5qfXkQ+o=,R6dqp/a8XD1X2GT54ZX4Yk9JvJo=
64,-172,XttiIWnqUaCCt5xNTCN5qfXkQ+o=,R6dqp/a8XD1X2GT54ZX4Yk9JvJo=
64,-163,XttiIWnqUaCCt5xNTCN5qfXkQ+o=,R6dqp/a8XD1X2GT54ZX4Yk9JvJo=
68,-166,XttiIWnqUaCCt5xNTCN5qfXkQ+o=,R6dqp/a8XD1X2GT54ZX4Yk9JvJo=
66,-172,XttiIWnqUaCCt5xNTCN5qfXkQ+o=,R6dqp/a8XD1X2GT54ZX4Yk9JvJo=
77,-164,XttiIWnqUaCCt5xNTCN5qfXkQ+o=,R6dqp/a8XD1X2GT54ZX4Yk9JvJo=
72,-166,XttiIWnqUaCCt5xNTCN5qfXkQ+o=,R6dqp/a8XD1X2GT54ZX4Yk9JvJo=
73,-166,XttiIWnqUaCCt5xNTCN5qfXkQ+o=,R6dqp/a8XD1X2GT54ZX4Yk9JvJo=
67,-172,XttiIWnqUaCCt5xNTCN5qfXkQ+o=,R6dqp/a8XD1X2GT54ZX4Yk9JvJo=
66,-166,XttiIWnqUaCCt5xNTCN5qfXkQ+o=,R6dqp/a8XD1X2GT54ZX4Yk9JvJo=
76,-176,XttiIWnqUaCCt5xNTCN5qfXkQ+o=,R6dqp/a8XD1X2GT54ZX4Yk9JvJo=
77,-174,XttiIWnqUaCCt5xNTCN5qfXkQ+o=,R6dqp/a8XD1X2GT54ZX4Yk9JvJo=
76,-175,XttiIWnqUaCCt5xNTCN5qfXkQ+o=,R6dqp/a8XD1X2GT54ZX4Yk9JvJo=
79,-165,XttiIWnqUaCCt5xNTCN5qfXkQ+o=,R6dqp/a8XD1X2GT54ZX4Yk9JvJo=
65,-166,XttiIWnqUaCCt5xNTCN5qfXkQ+o=,R6dqp/a8XD1X2GT54ZX4Yk9JvJo=
65,-172,XttiIWnqUaCCt5xNTCN5qfXkQ+o=,R6dqp/a8XD1X2GT54ZX4Yk9JvJo=
73,-164,XttiIWnqUaCCt5xNTCN5qfXkQ+o=,R6dqp/a8XD1X2GT54ZX4Yk9JvJo=
79,-167,XttiIWnqUaCCt5xNTCN5qfXkQ+o=,R6dqp/a8XD1X2GT54ZX4Yk9JvJo=
67,-166,XttiIWnqUaCCt5xNTCN5qfXkQ+o=,R6dqp/a8XD1X2GT54ZX4Yk9JvJo=
77,-167,XttiIWnqUaCCt5xNTCN5qfXkQ+o=,R6dqp/a8XD1X2GT54ZX4Yk9JvJo=
69,-166,XttiIWnqUaCCt5xNTCN5qfXkQ+o=,R6dqp/a8XD1X2GT54ZX4Yk9JvJo=
70,-166,XttiIWnqUaCCt5xNTCN5qfXkQ+o=,R6dqp/a8XD1X2GT54ZX4Yk9JvJo=
70,-163,XttiIWnqUaCCt5xNTCN5qfXkQ+o=,R6dqp/a8XD1X2GT54ZX4Yk9JvJo=
75,-167,XttiIWnqUaCCt5xNTCN5qfXkQ+o=,R6dqp/a8XD1X2GT54ZX4Yk9JvJo=
74,-167,XttiIWnqUaCCt5xNTCN5qfXkQ+o=,R6dqp/a8XD1X2GT54ZX4Yk9JvJo=
71,-166,XttiIWnqUaCCt5xNTCN5qfXkQ+o=,R6dqp/a8XD1X2GT54ZX4Yk9JvJo=
67,-167,XttiIWnqUaCCt5xNTCN5qfXkQ+o=,R6dqp/a8XD1X2GT54ZX4Yk9JvJo=
69,-164,XttiIWnqUaCCt5xNTCN5qfXkQ+o=,R6dqp/a8XD1X2GT54ZX4Yk9JvJo=
79,-163,XttiIWnqUaCCt5xNTCN5qfXkQ+o=,R6dqp/a8XD1X2GT54ZX4Yk9JvJo=
71,-167,XttiIWnqUaCCt5xNTCN5qfXkQ+o=,R6dqp/a8XD1X2GT54ZX4Yk9JvJo=
76,-174,XttiIWnqUaCCt5xNTCN5qfXkQ+o=,R6dqp/a8XD1X2GT54ZX4Yk9JvJo=
65,-167,XttiIWnqUaCCt5xNTCN5qfXkQ+o=,R6dqp/a8XD1X2GT54ZX4Yk9JvJo=
79,-168,XttiIWnqUaCCt5xNTCN5qfXkQ+o=,R6dqp/a8XD1X2GT54ZX4Yk9JvJo=
75,-175,XttiIWnqUaCCt5xNTCN5qfXkQ+o=,R6dqp/a8XD1X2GT54ZX4Yk9JvJo=
78,-168,XttiIWnqUaCCt5xNTCN5qfXkQ+o=,R6dqp/a8XD1X2GT54ZX4Yk9JvJo=
77,-168,XttiIWnqUaCCt5xNTCN5qfXkQ+o=,R6dqp/a8XD1X2GT54ZX4Yk9JvJo=
76,-167,XttiIWnqUaCCt5xNTCN5qfXkQ+o=,R6dqp/a8XD1X2GT54ZX4Yk9JvJo=
78,-167,XttiIWnqUaCCt5xNTCN5qfXkQ+o=,R6dqp/a8XD1X2GT54ZX4Yk9JvJo=
64,-167,XttiIWnqUaCCt5xNTCN5qfXkQ+o=,R6dqp/a8XD1X2GT54ZX4Yk9JvJo=
68,-167,XttiIWnqUaCCt5xNTCN5qfXkQ+o=,R6dqp/a8XD1X2GT54ZX4Yk9JvJo=
77,-163,XttiIWnqUaCCt5xNTCN5qfXkQ+o=,R6dqp/a8XD1X2GT54ZX4Yk9JvJo=
73,-168,XttiIWnqUaCCt5xNTCN5qfXkQ+o=,R6dqp/a8XD1X2GT54ZX4Yk9JvJo=
74,-163,XttiIWnqUaCCt5xNTCN5qfXkQ+o=,R6dqp/a8XD1X2GT54ZX4Yk9JvJo=
70,-167,XttiIWnqUaCCt5xNTCN5qfXkQ+o=,R6dqp/a8XD1X2GT54ZX4Yk9JvJo=
76,-168,XttiIWnqUaCCt5xNTCN5qfXkQ+o=,R6dqp/a8XD1X2GT54ZX4Yk9JvJo=
72,-168,XttiIWnqUaCCt5xNTCN5qfXkQ+o=,R6dqp/a8XD1X2GT54ZX4Yk9JvJo=
67,-168,XttiIWnqUaCCt5xNTCN5qfXkQ+o=,R6dqp/a8XD1X2GT54ZX4Yk9JvJo=
71,-168,XttiIWnqUaCCt5xNTCN5qfXkQ+o=,R6dqp/a8XD1X2GT54ZX4Yk9JvJo=
75,-174,XttiIWnqUaCCt5xNTCN5qfXkQ+o=,R6dqp/a8XD1X2GT54ZX4Yk9JvJo=
70,-164,XttiIWnqUaCCt5xNTCN5qfXkQ+o=,R6dqp/a8XD1X2GT54ZX4Yk9JvJo=
73,-165,XttiIWnqUaCCt5xNTCN5qfXkQ+o=,R6dqp/a8XD1X2GT54ZX4Yk9JvJo=
79,-169,XttiIWnqUaCCt5xNTCN5qfXkQ+o=,R6dqp/a8XD1X2GT54ZX4Yk9JvJo=
74,-175,XttiIWnqUaCCt5xNTCN5qfXkQ+o=,R6dqp/a8XD1X2GT54ZX4Yk9JvJo=
78,-169,XttiIWnqUaCCt5xNTCN5qfXkQ+o=,R6dqp/a8XD1X2GT54ZX4Yk9JvJo=
77,-169,XttiIWnqUaCCt5xNTCN5qfXkQ+o=,R6dqp/a8XD1X2GT54ZX4Yk9JvJo=
65,-168,XttiIWnqUaCCt5xNTCN5qfXkQ+o=,R6dqp/a8XD1X2GT54ZX4Yk9JvJo=
72,-165,XttiIWnqUaCCt5xNTCN5qfXkQ+o=,R6dqp/a8XD1X2GT54ZX4Yk9JvJo=
69,-168,XttiIWnqUaCCt5xNTCN5qfXkQ+o=,R6dqp/a8XD1X2GT54ZX4Yk9JvJo=
66,-168,XttiIWnqUaCCt5xNTCN5qfXkQ+o=,R6dqp/a8XD1X2GT54ZX4Yk9JvJo=
75,-168,XttiIWnqUaCCt5xNTCN5qfXkQ+o=,R6dqp/a8XD1X2GT54ZX4Yk9JvJo=
75,-165,XttiIWnqUaCCt5xNTCN5qfXkQ+o=,R6dqp/a8XD1X2GT54ZX4Yk9JvJo=
70,-165,XttiIWnqUaCCt5xNTCN5qfXkQ+o=,R6dqp/a8XD1X2GT54ZX4Yk9JvJo=
69,-165,XttiIWnqUaCCt5xNTCN5qfXkQ+o=,R6dqp/a8XD1X2GT54ZX4Yk9JvJo=
70,-169,XttiIWnqUaCCt5xNTCN5qfXkQ+o=,R6dqp/a8XD1X2GT54ZX4Yk9JvJo=
77,-165,XttiIWnqUaCCt5xNTCN5qfXkQ+o=,R6dqp/a8XD1X2GT54ZX4Yk9JvJo=
71,-169,XttiIWnqUaCCt5xNTCN5qfXkQ+o=,R6dqp/a8XD1X2GT54ZX4Yk9JvJo=
65,-169,XttiIWnqUaCCt5xNTCN5qfXkQ+o=,R6dqp/a8XD1X2GT54ZX4Yk9JvJo=
78,-166,XttiIWnqUaCCt5xNTCN5qfXkQ+o=,R6dqp/a8XD1X2GT54ZX4Yk9JvJo=
74,-176,XttiIWnqUaCCt5xNTCN5qfXkQ+o=,R6dqp/a8XD1X2GT54ZX4Yk9JvJo=
67,-169,XttiIWnqUaCCt5xNTCN5qfXkQ+o=,R6dqp/a8XD1X2GT54ZX4Yk9JvJo=
79,-170,XttiIWnqUaCCt5xNTCN5qfXkQ+o=,R6dqp/a8XD1X2GT54ZX4Yk9JvJo=
66,-169,XttiIWnqUaCCt5xNTCN5qfXkQ+o=,R6dqp/a8XD1X2GT54ZX4Yk9JvJo=
78,-170,XttiIWnqUaCCt5xNTCN5qfXkQ+o=,R6dqp/a8XD1X2GT54ZX4Yk9JvJo=
77,-170,XttiIWnqUaCCt5xNTCN5qfXkQ+o=,R6dqp/a8XD1X2GT54ZX4Yk9JvJo=
76,-170,XttiIWnqUaCCt5xNTCN5qfXkQ+o=,R6dqp/a8XD1X2GT54ZX4Yk9JvJo=
77,-166,XttiIWnqUaCCt5xNTCN5qfXkQ+o=,R6dqp/a8XD1X2GT54ZX4Yk9JvJo=
68,-169,XttiIWnqUaCCt5xNTCN5qfXkQ+o=,R6dqp/a8XD1X2GT54ZX4Yk9JvJo=
74,-169,XttiIWnqUaCCt5xNTCN5qfXkQ+o=,R6dqp/a8XD1X2GT54ZX4Yk9JvJo=
73,-175,XttiIWnqUaCCt5xNTCN5qfXkQ+o=,R6dqp/a8XD1X2GT54ZX4Yk9JvJo=
64,-169,XttiIWnqUaCCt5xNTCN5qfXkQ+o=,R6dqp/a8XD1X2GT54ZX4Yk9JvJo=
75,-176,XttiIWnqUaCCt5xNTCN5qfXkQ+o=,R6dqp/a8XD1X2GT54ZX4Yk9JvJo=
73,-167,XttiIWnqUaCCt5xNTCN5qfXkQ+o=,R6dqp/a8XD1X2GT54ZX4Yk9JvJo=
73,-176,XttiIWnqUaCCt5xNTCN5qfXkQ+o=,R6dqp/a8XD1X2GT54ZX4Yk9JvJo=
70,-170,XttiIWnqUaCCt5xNTCN5qfXkQ+o=,R6dqp/a8XD1X2GT54ZX4Yk9JvJo=
66,-170,XttiIWnqUaCCt5xNTCN5qfXkQ+o=,R6dqp/a8XD1X2GT54ZX4Yk9JvJo=
72,-167,XttiIWnqUaCCt5xNTCN5qfXkQ+o=,R6dqp/a8XD1X2GT54ZX4Yk9JvJo=
67,-170,XttiIWnqUaCCt5xNTCN5qfXkQ+o=,R6dqp/a8XD1X2GT54ZX4Yk9JvJo=
74,-170,XttiIWnqUaCCt5xNTCN5qfXkQ+o=,R6dqp/a8XD1X2GT54ZX4Yk9JvJo=
65,-170,XttiIWnqUaCCt5xNTCN5qfXkQ+o=,R6dqp/a8XD1X2GT54ZX4Yk9JvJo=
64,-170,XttiIWnqUaCCt5xNTCN5qfXkQ+o=,R6dqp/a8XD1X2GT54ZX4Yk9JvJo=
79,-171,XttiIWnqUaCCt5xNTCN5qfXkQ+o=,R6dqp/a8XD1X2GT54ZX4Yk9JvJo=
78,-171,XttiIWnqUaCCt5xNTCN5qfXkQ+o=,R6dqp/a8XD1X2GT54ZX4Yk9JvJo=
77,-171,XttiIWnqUaCCt5xNTCN5qfXkQ+o=,R6dqp/a8XD1X2GT54ZX4Yk9JvJo=
76,-171,XttiIWnqUaCCt5xNTCN5qfXkQ+o=,R6dqp/a8XD1X2GT54ZX4Yk9JvJo=
73,-174,XttiIWnqUaCCt5xNTCN5qfXkQ+o=,R6dqp/a8XD1X2GT54ZX4Yk9JvJo=
73,-170,XttiIWnqUaCCt5xNTCN5qfXkQ+o=,R6dqp/a8XD1X2GT54ZX4Yk9JvJo=
73,-171,XttiIWnqUaCCt5xNTCN5qfXkQ+o=,R6dqp/a8XD1X2GT54ZX4Yk9JvJo=
68,-172,XttiIWnqUaCCt5xNTCN5qfXkQ+o=,R6dqp/a8XD1X2GT54ZX4Yk9JvJo=
72,-170,XttiIWnqUaCCt5xNTCN5qfXkQ+o=,R6dqp/a8XD1X2GT54ZX4Yk9JvJo=
74,-171,XttiIWnqUaCCt5xNTCN5qfXkQ+o=,R6dqp/a8XD1X2GT54ZX4Yk9JvJo=
75,-171,XttiIWnqUaCCt5xNTCN5qfXkQ+o=,R6dqp/a8XD1X2GT54ZX4Yk9JvJo=
72,-175,XttiIWnqUaCCt5xNTCN5qfXkQ+o=,R6dqp/a8XD1X2GT54ZX4Yk9JvJo=
66,-167,XttiIWnqUaCCt5xNTCN5qfXkQ+o=,R6dqp/a8XD1X2GT54ZX4Yk9JvJo=
67,-171,XttiIWnqUaCCt5xNTCN5qfXkQ+o=,R6dqp/a8XD1X2GT54ZX4Yk9JvJo=
66,-171,XttiIWnqUaCCt5xNTCN5qfXkQ+o=,R6dqp/a8XD1X2GT54ZX4Yk9JvJo=
65,-171,XttiIWnqUaCCt5xNTCN5qfXkQ+o=,R6dqp/a8XD1X2GT54ZX4Yk9JvJo=
64,-166,XttiIWnqUaCCt5xNTCN5qfXkQ+o=,R6dqp/a8XD1X2GT54ZX4Yk9JvJo=
64,-171,XttiIWnqUaCCt5xNTCN5qfXkQ+o=,R6dqp/a8XD1X2GT54ZX4Yk9JvJo=
68,-171,XttiIWnqUaCCt5xNTCN5qfXkQ+o=,R6dqp/a8XD1X2GT54ZX4Yk9JvJo=
79,-172,XttiIWnqUaCCt5xNTCN5qfXkQ+o=,R6dqp/a8XD1X2GT54ZX4Yk9JvJo=
69,-172,XttiIWnqUaCCt5xNTCN5qfXkQ+o=,R6dqp/a8XD1X2GT54ZX4Yk9JvJo=
74,-168,XttiIWnqUaCCt5xNTCN5qfXkQ+o=,R6dqp/a8XD1X2GT54ZX4Yk9JvJo=
78,-172,XttiIWnqUaCCt5xNTCN5qfXkQ+o=,R6dqp/a8XD1X2GT54ZX4Yk9JvJo=
77,-172,XttiIWnqUaCCt5xNTCN5qfXkQ+o=,R6dqp/a8XD1X2GT54ZX4Yk9JvJo=
76,-172,XttiIWnqUaCCt5xNTCN5qfXkQ+o=,R6dqp/a8XD1X2GT54ZX4Yk9JvJo=
75,-172,XttiIWnqUaCCt5xNTCN5qfXkQ+o=,R6dqp/a8XD1X2GT54ZX4Yk9JvJo=
74,-174,XttiIWnqUaCCt5xNTCN5qfXkQ+o=,R6dqp/a8XD1X2GT54ZX4Yk9JvJo=
73,-172,XttiIWnqUaCCt5xNTCN5qfXkQ+o=,R6dqp/a8XD1X2GT54ZX4Yk9JvJo=
70,-171,XttiIWnqUaCCt5xNTCN5qfXkQ+o=,R6dqp/a8XD1X2GT54ZX4Yk9JvJo=
68,-170,XttiIWnqUaCCt5xNTCN5qfXkQ+o=,R6dqp/a8XD1X2GT54ZX4Yk9JvJo=
71,-176,XttiIWnqUaCCt5xNTCN5qfXkQ+o=,R6dqp/a8XD1X2GT54ZX4Yk9JvJo=
75,-170,XttiIWnqUaCCt5xNTCN5qfXkQ+o=,R6dqp/a8XD1X2GT54ZX4Yk9JvJo=
69,-170,XttiIWnqUaCCt5xNTCN5qfXkQ+o=,R6dqp/a8XD1X2GT54ZX4Yk9JvJo=
68,-168,XttiIWnqUaCCt5xNTCN5qfXkQ+o=,R6dqp/a8XD1X2GT54ZX4Yk9JvJo=
76,-169,XttiIWnqUaCCt5xNTCN5qfXkQ+o=,R6dqp/a8XD1X2GT54ZX4Yk9JvJo=
74,-172,XttiIWnqUaCCt5xNTCN5qfXkQ+o=,R6dqp/a8XD1X2GT54ZX4Yk9JvJo=
70,-168,XttiIWnqUaCCt5xNTCN5qfXkQ+o=,R6dqp/a8XD1X2GT54ZX4Yk9JvJo=
69,-167,XttiIWnqUaCCt5xNTCN5qfXkQ+o=,R6dqp/a8XD1X2GT54ZX4Yk9JvJo=
76,-166,XttiIWnqUaCCt5xNTCN5qfXkQ+o=,R6dqp/a8XD1X2GT54ZX4Yk9JvJo=
72,-172,XttiIWnqUaCCt5xNTCN5qfXkQ+o=,R6dqp/a8XD1X2GT54ZX4Yk9JvJo=
70,-172,XttiIWnqUaCCt5xNTCN5qfXkQ+o=,R6dqp/a8XD1X2GT54ZX4Yk9JvJo=
72,-171,XttiIWnqUaCCt5xNTCN5qfXkQ+o=,R6dqp/a8XD1X2GT54ZX4Yk9JvJo=
72,-174,XttiIWnqUaCCt5xNTCN5qfXkQ+o=,R6dqp/a8XD1X2GT54ZX4Yk9JvJo=
64,-168,XttiIWnqUaCCt5xNTCN5qfXkQ+o=,R6dqp/a8XD1X2GT54ZX4Yk9JvJo=
75,-169,XttiIWnqUaCCt5xNTCN5qfXkQ+o=,R6dqp/a8XD1X2GT54ZX4Yk9JvJo=
71,-172,XttiIWnqUaCCt5xNTCN5qfXkQ+o=,R6dqp/a8XD1X2GT54ZX4Yk9JvJo=
72,-169,XttiIWnqUaCCt5xNTCN5qfXkQ+o=,R6dqp/a8XD1X2GT54ZX4Yk9JvJo=
72,-176,XttiIWnqUaCCt5xNTCN5qfXkQ+o=,R6dqp/a8XD1X2GT54ZX4Yk9JvJo=
69,-169,XttiIWnqUaCCt5xNTCN5qfXkQ+o=,R6dqp/a8XD1X2GT54ZX4Yk9JvJo=
71,-175,XttiIWnqUaCCt5xNTCN5qfXkQ+o=,R6dqp/a8XD1X2GT54ZX4Yk9JvJo=
73,-169,XttiIWnqUaCCt5xNTCN5qfXkQ+o=,R6dqp/a8XD1X2GT54ZX4Yk9JvJo=
71,-170,XttiIWnqUaCCt5xNTCN5qfXkQ+o=,R6dqp/a8XD1X2GT54ZX4Yk9JvJo=
71,-171,XttiIWnqUaCCt5xNTCN5qfXkQ+o=,R6dqp/a8XD1X2GT54ZX4Yk9JvJo=
69,-171,XttiIWnqUaCCt5xNTCN5qfXkQ+o=,R6dqp/a8XD1X2GT54ZX4Yk9JvJo=
